#
#Feature symbol names
#
$0 r4.000
$1 r3.000
$2 r1.000
$3 r4.016
#
#Layer features
#
P -0.783858 -0.388449 0 P 170 0
P -0.511858 -0.019449 0 P 170 0
L -0.783858 -0.388449 -0.784032 -0.386799 0 P 170
L -0.784032 -0.386799 -0.784544 -0.385220 0 P 170
L -0.784544 -0.385220 -0.785374 -0.383783 0 P 170
L -0.785374 -0.383783 -0.786484 -0.382550 0 P 170
L -0.786484 -0.382550 -0.787827 -0.381575 0 P 170
L -0.787827 -0.381575 -0.789343 -0.380900 0 P 170
L -0.789343 -0.380900 -0.790966 -0.380555 0 P 170
L -0.790966 -0.380555 -0.792625 -0.380555 0 P 170
L -0.792625 -0.380555 -0.794248 -0.380900 0 P 170
L -0.794248 -0.380900 -0.795764 -0.381575 0 P 170
L -0.795764 -0.381575 -0.797106 -0.382550 0 P 170
L -0.797106 -0.382550 -0.798217 -0.383783 0 P 170
L -0.798217 -0.383783 -0.799046 -0.385220 0 P 170
L -0.799046 -0.385220 -0.799559 -0.386799 0 P 170
L -0.799559 -0.386799 -0.799732 -0.388449 0 P 170
L -0.799732 -0.388449 -0.799559 -0.390099 0 P 170
L -0.799559 -0.390099 -0.799046 -0.391677 0 P 170
L -0.799046 -0.391677 -0.798217 -0.393114 0 P 170
L -0.798217 -0.393114 -0.797106 -0.394347 0 P 170
L -0.797106 -0.394347 -0.795764 -0.395322 0 P 170
L -0.795764 -0.395322 -0.794248 -0.395997 0 P 170
L -0.794248 -0.395997 -0.792625 -0.396343 0 P 170
L -0.792625 -0.396343 -0.790966 -0.396343 0 P 170
L -0.790966 -0.396343 -0.789343 -0.395997 0 P 170
L -0.789343 -0.395997 -0.787827 -0.395322 0 P 170
L -0.787827 -0.395322 -0.786484 -0.394347 0 P 170
L -0.786484 -0.394347 -0.785374 -0.393114 0 P 170
L -0.785374 -0.393114 -0.784544 -0.391677 0 P 170
L -0.784544 -0.391677 -0.784032 -0.390099 0 P 170
L -0.784032 -0.390099 -0.783858 -0.388449 0 P 170
L -0.511858 -0.019449 -0.512032 -0.017799 0 P 170
L -0.512032 -0.017799 -0.512544 -0.016220 0 P 170
L -0.512544 -0.016220 -0.513374 -0.014783 0 P 170
L -0.513374 -0.014783 -0.514484 -0.013550 0 P 170
L -0.514484 -0.013550 -0.515827 -0.012575 0 P 170
L -0.515827 -0.012575 -0.517343 -0.011900 0 P 170
L -0.517343 -0.011900 -0.518966 -0.011555 0 P 170
L -0.518966 -0.011555 -0.520625 -0.011555 0 P 170
L -0.520625 -0.011555 -0.522248 -0.011900 0 P 170
L -0.522248 -0.011900 -0.523764 -0.012575 0 P 170
L -0.523764 -0.012575 -0.525106 -0.013550 0 P 170
L -0.525106 -0.013550 -0.526217 -0.014783 0 P 170
L -0.526217 -0.014783 -0.527046 -0.016220 0 P 170
L -0.527046 -0.016220 -0.527559 -0.017799 0 P 170
L -0.527559 -0.017799 -0.527732 -0.019449 0 P 170
L -0.527732 -0.019449 -0.527559 -0.021099 0 P 170
L -0.527559 -0.021099 -0.527046 -0.022677 0 P 170
L -0.527046 -0.022677 -0.526217 -0.024114 0 P 170
L -0.526217 -0.024114 -0.525106 -0.025347 0 P 170
L -0.525106 -0.025347 -0.523764 -0.026322 0 P 170
L -0.523764 -0.026322 -0.522248 -0.026997 0 P 170
L -0.522248 -0.026997 -0.520625 -0.027343 0 P 170
L -0.520625 -0.027343 -0.518966 -0.027343 0 P 170
L -0.518966 -0.027343 -0.517343 -0.026997 0 P 170
L -0.517343 -0.026997 -0.515827 -0.026322 0 P 170
L -0.515827 -0.026322 -0.514484 -0.025347 0 P 170
L -0.514484 -0.025347 -0.513374 -0.024114 0 P 170
L -0.513374 -0.024114 -0.512544 -0.022677 0 P 170
L -0.512544 -0.022677 -0.512032 -0.021099 0 P 170
L -0.512032 -0.021099 -0.511858 -0.019449 0 P 170
L -0.804591 -0.401244 -0.737661 -0.401244 0 P 170
L -0.804591 -0.401244 -0.804591 -0.322504 0 P 170
L -0.804591 -0.322504 -0.737661 -0.322504 0 P 170
L -0.737661 -0.401244 -0.737661 -0.322504 0 P 170
L -0.721126 -0.118874 -0.701280 -0.118874 0 P 170
L -0.701280 -0.118874 -0.701280 -0.079185 0 P 170
L -0.721126 -0.079185 -0.701280 -0.079185 0 P 170
L -0.721126 -0.118874 -0.721126 -0.079185 0 P 170
L -0.133126 -0.289874 -0.133126 -0.270028 0 P 170
L -0.172815 -0.270028 -0.133126 -0.270028 0 P 170
L -0.172815 -0.289874 -0.172815 -0.270028 0 P 170
L -0.172815 -0.289874 -0.133126 -0.289874 0 P 170
L -1.023972 -0.232874 -1.004126 -0.232874 0 P 170
L -1.023972 -0.272563 -1.023972 -0.232874 0 P 170
L -1.023972 -0.272563 -1.004126 -0.272563 0 P 170
L -1.004126 -0.272563 -1.004126 -0.232874 0 P 170
L -0.499126 0.109441 -0.479280 0.109441 0 P 170
L -0.479280 0.109441 -0.479280 0.148815 0 P 170
L -0.499126 0.148815 -0.479280 0.148815 0 P 170
L -0.499126 0.109441 -0.499126 0.148815 0 P 170
L -0.549406 0.224654 -0.529559 0.224654 0 P 170
L -0.549406 0.185280 -0.549406 0.224654 0 P 170
L -0.549406 0.185280 -0.529559 0.185280 0 P 170
L -0.529559 0.185280 -0.529559 0.224654 0 P 170
L -0.551374 0.145654 -0.527752 0.145654 0 P 170
L -0.551374 0.106280 -0.551374 0.145654 0 P 170
L -0.551374 0.106280 -0.527752 0.106280 0 P 170
L -0.527752 0.106280 -0.527752 0.145654 0 P 170
L -0.734252 -0.605315 -0.720472 -0.619094 0 P 170
L -0.720472 -0.619094 -0.706693 -0.605315 0 P 170
L -0.661417 -0.783024 -0.661417 -0.605024 0 P 170
L -0.826772 -0.605024 -0.661417 -0.605024 0 P 170
L -0.826772 -0.783024 -0.826772 -0.605024 0 P 170
L -0.826772 -0.783024 -0.661417 -0.783024 0 P 170
L -0.096102 -0.605024 -0.082323 -0.618803 0 P 170
L -0.082323 -0.618803 -0.068543 -0.605024 0 P 170
L -0.023622 -0.783024 -0.023622 -0.605024 0 P 170
L -0.283465 -0.605024 -0.023622 -0.605024 0 P 170
L -0.283465 -0.783024 -0.283465 -0.605024 0 P 170
L -0.283465 -0.783024 -0.023622 -0.783024 0 P 170
L -0.415000 -0.605024 -0.401220 -0.618803 0 P 170
L -0.401220 -0.618803 -0.387441 -0.605024 0 P 170
L -0.342520 -0.783024 -0.342520 -0.605024 0 P 170
L -0.602362 -0.605024 -0.342520 -0.605024 0 P 170
L -0.602362 -0.783024 -0.602362 -0.605024 0 P 170
L -0.602362 -0.783024 -0.342520 -0.783024 0 P 170
L -0.604972 0.378811 -0.585126 0.378811 0 P 170
L -0.604972 0.339437 -0.604972 0.378811 0 P 170
L -0.604972 0.339437 -0.585126 0.339437 0 P 170
L -0.585126 0.339437 -0.585126 0.378811 0 P 170
L -0.758941 -0.118189 -0.735319 -0.118189 0 P 170
L -0.758941 -0.157563 -0.758941 -0.118189 0 P 170
L -0.758941 -0.157563 -0.735319 -0.157563 0 P 170
L -0.735319 -0.157563 -0.735319 -0.118189 0 P 170
L -0.759634 0.664283 -0.759634 0.696035 0 P 170
L -0.822630 0.696035 -0.759634 0.696035 0 P 170
L -0.822630 0.664283 -0.822630 0.696035 0 P 170
L -0.822630 0.664283 -0.759634 0.664283 0 P 170
L -0.498618 0.391126 -0.435622 0.391126 0 P 170
L -0.435622 0.359374 -0.435622 0.391126 0 P 170
L -0.498618 0.359374 -0.435622 0.359374 0 P 170
L -0.498618 0.359374 -0.498618 0.391126 0 P 170
L -0.322512 -0.057402 -0.302665 -0.057402 0 P 170
L -0.302665 -0.057402 -0.302665 -0.018028 0 P 170
L -0.322512 -0.018028 -0.302665 -0.018028 0 P 170
L -0.322512 -0.057402 -0.322512 -0.018028 0 P 170
L -0.758941 -0.207193 -0.735319 -0.207193 0 P 170
L -0.758941 -0.246563 -0.758941 -0.207193 0 P 170
L -0.758941 -0.246563 -0.735319 -0.246563 0 P 170
L -0.735319 -0.246563 -0.735319 -0.207193 0 P 170
L -0.725941 -0.207193 -0.702319 -0.207193 0 P 170
L -0.725941 -0.246563 -0.725941 -0.207193 0 P 170
L -0.725941 -0.246563 -0.702319 -0.246563 0 P 170
L -0.702319 -0.246563 -0.702319 -0.207193 0 P 170
L -0.427941 -0.207193 -0.404319 -0.207193 0 P 170
L -0.427941 -0.246563 -0.427941 -0.207193 0 P 170
L -0.427941 -0.246563 -0.404319 -0.246563 0 P 170
L -0.404319 -0.246563 -0.404319 -0.207193 0 P 170
L -0.541807 -0.503689 -0.541807 -0.480067 0 P 170
L -0.541807 -0.503689 -0.502437 -0.503689 0 P 170
L -0.502437 -0.503689 -0.502437 -0.480067 0 P 170
L -0.541807 -0.480067 -0.502437 -0.480067 0 P 170
L -0.581441 -0.503681 -0.581441 -0.480059 0 P 170
L -0.620815 -0.480059 -0.581441 -0.480059 0 P 170
L -0.620815 -0.503681 -0.620815 -0.480059 0 P 170
L -0.620815 -0.503681 -0.581441 -0.503681 0 P 170
L -0.407441 -0.503681 -0.407441 -0.480059 0 P 170
L -0.446815 -0.480059 -0.407441 -0.480059 0 P 170
L -0.446815 -0.503681 -0.446815 -0.480059 0 P 170
L -0.446815 -0.503681 -0.407441 -0.503681 0 P 170
L -0.366807 -0.503689 -0.366807 -0.480067 0 P 170
L -0.366807 -0.503689 -0.327437 -0.503689 0 P 170
L -0.327437 -0.503689 -0.327437 -0.480067 0 P 170
L -0.366807 -0.480067 -0.327437 -0.480067 0 P 170
L -0.619941 -0.063189 -0.596319 -0.063189 0 P 170
L -0.619941 -0.102563 -0.619941 -0.063189 0 P 170
L -0.619941 -0.102563 -0.596319 -0.102563 0 P 170
L -0.596319 -0.102563 -0.596319 -0.063189 0 P 170
L -0.508933 -0.437555 -0.485311 -0.437555 0 P 170
L -0.485311 -0.437555 -0.485311 -0.398185 0 P 170
L -0.508933 -0.398185 -0.485311 -0.398185 0 P 170
L -0.508933 -0.437555 -0.508933 -0.398185 0 P 170
L -0.606441 -0.007874 -0.606441 0.011972 0 P 170
L -0.645815 0.011972 -0.606441 0.011972 0 P 170
L -0.645815 -0.007874 -0.645815 0.011972 0 P 170
L -0.645815 -0.007874 -0.606441 -0.007874 0 P 170
L -0.745811 -0.442689 -0.745811 -0.419067 0 P 170
L -0.745811 -0.442689 -0.706437 -0.442689 0 P 170
L -0.706437 -0.442689 -0.706437 -0.419067 0 P 170
L -0.745811 -0.419067 -0.706437 -0.419067 0 P 170
L -0.796441 -0.441681 -0.796441 -0.418059 0 P 170
L -0.835815 -0.418059 -0.796441 -0.418059 0 P 170
L -0.835815 -0.441681 -0.835815 -0.418059 0 P 170
L -0.835815 -0.441681 -0.796441 -0.441681 0 P 170
L -0.755618 -0.495626 -0.755618 -0.463874 0 P 170
L -0.755618 -0.495626 -0.692622 -0.495626 0 P 170
L -0.692622 -0.495626 -0.692622 -0.463874 0 P 170
L -0.755618 -0.463874 -0.692622 -0.463874 0 P 170
L -0.835811 -0.484720 -0.835811 -0.464874 0 P 170
L -0.835811 -0.484720 -0.796437 -0.484720 0 P 170
L -0.796437 -0.484720 -0.796437 -0.464874 0 P 170
L -0.835811 -0.464874 -0.796437 -0.464874 0 P 170
L -0.491941 -0.063189 -0.468319 -0.063189 0 P 170
L -0.491941 -0.102563 -0.491941 -0.063189 0 P 170
L -0.491941 -0.102563 -0.468319 -0.102563 0 P 170
L -0.468319 -0.102563 -0.468319 -0.063189 0 P 170
L -0.562941 -0.063189 -0.539319 -0.063189 0 P 170
L -0.562941 -0.102563 -0.562941 -0.063189 0 P 170
L -0.562941 -0.102563 -0.539319 -0.102563 0 P 170
L -0.539319 -0.102563 -0.539319 -0.063189 0 P 170
L -1.002972 -0.106189 -0.983126 -0.106189 0 P 170
L -1.002972 -0.145563 -1.002972 -0.106189 0 P 170
L -1.002972 -0.145563 -0.983126 -0.145563 0 P 170
L -0.983126 -0.145563 -0.983126 -0.106189 0 P 170
L -1.005972 0.073811 -0.986126 0.073811 0 P 170
L -1.005972 0.034437 -1.005972 0.073811 0 P 170
L -1.005972 0.034437 -0.986126 0.034437 0 P 170
L -0.986126 0.034437 -0.986126 0.073811 0 P 170
L -0.967972 0.073811 -0.948126 0.073811 0 P 170
L -0.967972 0.034437 -0.967972 0.073811 0 P 170
L -0.967972 0.034437 -0.948126 0.034437 0 P 170
L -0.948126 0.034437 -0.948126 0.073811 0 P 170
L -0.905972 0.087811 -0.886126 0.087811 0 P 170
L -0.905972 0.048437 -0.905972 0.087811 0 P 170
L -0.905972 0.048437 -0.886126 0.048437 0 P 170
L -0.886126 0.048437 -0.886126 0.087811 0 P 170
L -0.899811 -0.298720 -0.899811 -0.278874 0 P 170
L -0.899811 -0.298720 -0.860437 -0.298720 0 P 170
L -0.860437 -0.298720 -0.860437 -0.278874 0 P 170
L -0.899811 -0.278874 -0.860437 -0.278874 0 P 170
L -0.902591 -0.353953 -0.890780 -0.342142 0 P 170
L -0.902591 -0.350016 -0.894717 -0.342142 0 P 170
L -0.902591 -0.346079 -0.898654 -0.342142 0 P 170
L -0.902591 -0.342142 -0.835661 -0.342142 0 P 170
L -0.902591 -0.375606 -0.902591 -0.342142 0 P 170
L -0.902591 -0.375606 -0.835661 -0.375606 0 P 170
L -0.835661 -0.375606 -0.835661 -0.342142 0 P 170
L -0.948732 0.501496 -0.899520 0.501496 0 P 170
L -0.899520 0.422756 -0.899520 0.501496 0 P 170
L -0.948732 0.422756 -0.899520 0.422756 0 P 170
L -0.948732 0.422756 -0.948732 0.501496 0 P 170
L -0.948732 0.426693 -0.944795 0.422756 0 P 170
L -0.948732 0.430630 -0.940858 0.422756 0 P 170
L -0.948732 0.434567 -0.936921 0.422756 0 P 170
L -0.948732 0.438504 -0.932984 0.422756 0 P 170
L -0.948732 0.442441 -0.929047 0.422756 0 P 170
L -0.532591 -0.032244 -0.465661 -0.032244 0 P 170
L -0.532591 -0.032244 -0.532591 0.046496 0 P 170
L -0.532591 0.046496 -0.465661 0.046496 0 P 170
L -0.465661 -0.032244 -0.465661 0.046496 0 P 170
L -0.756055 -0.385496 -0.772717 -0.385496 1 P 171
L -0.772717 -0.385496 -0.776047 -0.382165 1 P 171
L -0.776047 -0.382165 -0.776047 -0.375500 1 P 171
L -0.776047 -0.375500 -0.772717 -0.372165 1 P 171
L -0.772717 -0.372165 -0.756055 -0.372165 1 P 171
L -0.772717 -0.365504 -0.776047 -0.362169 1 P 171
L -0.776047 -0.362169 -0.776047 -0.355504 1 P 171
L -0.776047 -0.355504 -0.772717 -0.352173 1 P 171
L -0.772717 -0.352173 -0.759386 -0.352173 1 P 171
L -0.759386 -0.352173 -0.756055 -0.355504 1 P 171
L -0.756055 -0.355504 -0.756055 -0.362169 1 P 171
L -0.756055 -0.362169 -0.759386 -0.365504 1 P 171
L -0.759386 -0.365504 -0.762717 -0.365504 1 P 171
L -0.762717 -0.365504 -0.766051 -0.362169 1 P 171
L -0.766051 -0.362169 -0.766051 -0.352173 1 P 171
L -0.471787 -0.249205 -0.475118 -0.245870 1 P 171
L -0.475118 -0.245870 -0.475118 -0.239205 1 P 171
L -0.475118 -0.239205 -0.471787 -0.235874 1 P 171
L -0.471787 -0.235874 -0.458457 -0.235874 1 P 171
L -0.458457 -0.235874 -0.455126 -0.239205 1 P 171
L -0.455126 -0.239205 -0.455126 -0.245870 1 P 171
L -0.455126 -0.245870 -0.458457 -0.249205 1 P 171
L -0.475118 -0.269197 -0.471787 -0.262531 1 P 171
L -0.471787 -0.262531 -0.465122 -0.255866 1 P 171
L -0.465122 -0.255866 -0.458457 -0.255866 1 P 171
L -0.458457 -0.255866 -0.455126 -0.259201 1 P 171
L -0.455126 -0.259201 -0.455126 -0.265866 1 P 171
L -0.455126 -0.265866 -0.458457 -0.269197 1 P 171
L -0.458457 -0.269197 -0.461791 -0.269197 1 P 171
L -0.461791 -0.269197 -0.465122 -0.265866 1 P 171
L -0.465122 -0.265866 -0.465122 -0.255866 1 P 171
L -0.471787 -0.275862 -0.475118 -0.279193 1 P 171
L -0.475118 -0.279193 -0.475118 -0.285858 1 P 171
L -0.475118 -0.285858 -0.471787 -0.289189 1 P 171
L -0.471787 -0.289189 -0.458457 -0.289189 1 P 171
L -0.458457 -0.289189 -0.455126 -0.285858 1 P 171
L -0.455126 -0.285858 -0.455126 -0.279193 1 P 171
L -0.455126 -0.279193 -0.458457 -0.275862 1 P 171
L -0.458457 -0.275862 -0.471787 -0.275862 1 P 171
L -0.655465 -0.156543 -0.652134 -0.159878 1 P 171
L -0.652134 -0.159878 -0.652134 -0.166543 1 P 171
L -0.652134 -0.166543 -0.655465 -0.169874 1 P 171
L -0.655465 -0.169874 -0.668795 -0.169874 1 P 171
L -0.668795 -0.169874 -0.672126 -0.166543 1 P 171
L -0.672126 -0.166543 -0.672126 -0.159878 1 P 171
L -0.672126 -0.159878 -0.668795 -0.156543 1 P 171
L -0.652134 -0.136551 -0.655465 -0.143217 1 P 171
L -0.655465 -0.143217 -0.662130 -0.149882 1 P 171
L -0.662130 -0.149882 -0.668795 -0.149882 1 P 171
L -0.668795 -0.149882 -0.672126 -0.146547 1 P 171
L -0.672126 -0.146547 -0.672126 -0.139886 1 P 171
L -0.672126 -0.139886 -0.668795 -0.136551 1 P 171
L -0.668795 -0.136551 -0.665461 -0.136551 1 P 171
L -0.665461 -0.136551 -0.662130 -0.139886 1 P 171
L -0.662130 -0.139886 -0.662130 -0.149882 1 P 171
L -0.672126 -0.129886 -0.672126 -0.123220 1 P 171
L -0.672126 -0.123220 -0.672126 -0.126555 1 P 171
L -0.672126 -0.126555 -0.652134 -0.126555 1 P 171
L -0.652134 -0.126555 -0.655465 -0.129886 1 P 171
L -0.700787 -0.690945 -0.700787 -0.670953 1 P 171
L -0.700787 -0.670953 -0.710783 -0.670953 1 P 171
L -0.710783 -0.670953 -0.714114 -0.674283 1 P 171
L -0.714114 -0.674283 -0.714114 -0.680949 1 P 171
L -0.714114 -0.680949 -0.710783 -0.684280 1 P 171
L -0.710783 -0.684280 -0.700787 -0.684280 1 P 171
L -0.720780 -0.674283 -0.724114 -0.670953 1 P 171
L -0.724114 -0.670953 -0.730780 -0.670953 1 P 171
L -0.730780 -0.670953 -0.734110 -0.674283 1 P 171
L -0.734110 -0.674283 -0.734110 -0.677614 1 P 171
L -0.734110 -0.677614 -0.730780 -0.680949 1 P 171
L -0.730780 -0.680949 -0.727445 -0.680949 1 P 171
L -0.727445 -0.680949 -0.730780 -0.680949 1 P 171
L -0.730780 -0.680949 -0.734110 -0.684280 1 P 171
L -0.734110 -0.684280 -0.734110 -0.687614 1 P 171
L -0.734110 -0.687614 -0.730780 -0.690945 1 P 171
L -0.730780 -0.690945 -0.724114 -0.690945 1 P 171
L -0.724114 -0.690945 -0.720780 -0.687614 1 P 171
L -0.110236 -0.690945 -0.110236 -0.670953 1 P 171
L -0.110236 -0.670953 -0.120232 -0.670953 1 P 171
L -0.120232 -0.670953 -0.123567 -0.674283 1 P 171
L -0.123567 -0.674283 -0.123567 -0.680949 1 P 171
L -0.123567 -0.680949 -0.120232 -0.684280 1 P 171
L -0.120232 -0.684280 -0.110236 -0.684280 1 P 171
L -0.140224 -0.690945 -0.140224 -0.670953 1 P 171
L -0.140224 -0.670953 -0.130228 -0.680949 1 P 171
L -0.130228 -0.680949 -0.143559 -0.680949 1 P 171
L -0.429134 -0.690945 -0.429134 -0.670953 1 P 171
L -0.429134 -0.670953 -0.439130 -0.670953 1 P 171
L -0.439130 -0.670953 -0.442465 -0.674283 1 P 171
L -0.442465 -0.674283 -0.442465 -0.680949 1 P 171
L -0.442465 -0.680949 -0.439130 -0.684280 1 P 171
L -0.439130 -0.684280 -0.429134 -0.684280 1 P 171
L -0.462457 -0.690945 -0.449126 -0.690945 1 P 171
L -0.449126 -0.690945 -0.462457 -0.677614 1 P 171
L -0.462457 -0.677614 -0.462457 -0.674283 1 P 171
L -0.462457 -0.674283 -0.459122 -0.670953 1 P 171
L -0.459122 -0.670953 -0.452461 -0.670953 1 P 171
L -0.452461 -0.670953 -0.449126 -0.674283 1 P 171
L -0.779453 0.685945 -0.776122 0.689276 1 P 171
L -0.776122 0.689276 -0.769457 0.689276 1 P 171
L -0.769457 0.689276 -0.766126 0.685945 1 P 171
L -0.766126 0.685945 -0.766126 0.672614 1 P 171
L -0.766126 0.672614 -0.769457 0.669283 1 P 171
L -0.769457 0.669283 -0.776122 0.669283 1 P 171
L -0.776122 0.669283 -0.779453 0.672614 1 P 171
L -0.799449 0.689276 -0.792783 0.685945 1 P 171
L -0.792783 0.685945 -0.786118 0.679280 1 P 171
L -0.786118 0.679280 -0.786118 0.672614 1 P 171
L -0.786118 0.672614 -0.789453 0.669283 1 P 171
L -0.789453 0.669283 -0.796114 0.669283 1 P 171
L -0.796114 0.669283 -0.799449 0.672614 1 P 171
L -0.799449 0.672614 -0.799449 0.675949 1 P 171
L -0.799449 0.675949 -0.796114 0.679280 1 P 171
L -0.796114 0.679280 -0.786118 0.679280 1 P 171
L -0.478795 0.369465 -0.482130 0.366134 1 P 171
L -0.482130 0.366134 -0.488795 0.366134 1 P 171
L -0.488795 0.366134 -0.492126 0.369465 1 P 171
L -0.492126 0.369465 -0.492126 0.382795 1 P 171
L -0.492126 0.382795 -0.488795 0.386126 1 P 171
L -0.488795 0.386126 -0.482130 0.386126 1 P 171
L -0.482130 0.386126 -0.478795 0.382795 1 P 171
L -0.458803 0.366134 -0.472134 0.366134 1 P 171
L -0.472134 0.366134 -0.472134 0.376130 1 P 171
L -0.472134 0.376130 -0.465469 0.372795 1 P 171
L -0.465469 0.372795 -0.462134 0.372795 1 P 171
L -0.462134 0.372795 -0.458803 0.376130 1 P 171
L -0.458803 0.376130 -0.458803 0.382795 1 P 171
L -0.458803 0.382795 -0.462134 0.386126 1 P 171
L -0.462134 0.386126 -0.468799 0.386126 1 P 171
L -0.468799 0.386126 -0.472134 0.382795 1 P 171
L -0.735795 -0.485535 -0.739130 -0.488866 1 P 171
L -0.739130 -0.488866 -0.745795 -0.488866 1 P 171
L -0.745795 -0.488866 -0.749126 -0.485535 1 P 171
L -0.749126 -0.485535 -0.749126 -0.472205 1 P 171
L -0.749126 -0.472205 -0.745795 -0.468874 1 P 171
L -0.745795 -0.468874 -0.739130 -0.468874 1 P 171
L -0.739130 -0.468874 -0.735795 -0.472205 1 P 171
L -0.715803 -0.488866 -0.729134 -0.488866 1 P 171
L -0.729134 -0.488866 -0.729134 -0.478870 1 P 171
L -0.729134 -0.478870 -0.722469 -0.482205 1 P 171
L -0.722469 -0.482205 -0.719134 -0.482205 1 P 171
L -0.719134 -0.482205 -0.715803 -0.478870 1 P 171
L -0.715803 -0.478870 -0.715803 -0.472205 1 P 171
L -0.715803 -0.472205 -0.719134 -0.468874 1 P 171
L -0.719134 -0.468874 -0.725799 -0.468874 1 P 171
L -0.725799 -0.468874 -0.729134 -0.472205 1 P 171
L -0.695811 -0.488866 -0.702472 -0.485535 1 P 171
L -0.702472 -0.485535 -0.709138 -0.478870 1 P 171
L -0.709138 -0.478870 -0.709138 -0.472205 1 P 171
L -0.709138 -0.472205 -0.705807 -0.468874 1 P 171
L -0.705807 -0.468874 -0.699142 -0.468874 1 P 171
L -0.699142 -0.468874 -0.695811 -0.472205 1 P 171
L -0.695811 -0.472205 -0.695811 -0.475539 1 P 171
L -0.695811 -0.475539 -0.699142 -0.478870 1 P 171
L -0.699142 -0.478870 -0.709138 -0.478870 1 P 171
L -0.877795 -0.352205 -0.877795 -0.365535 1 P 171
L -0.877795 -0.365535 -0.881130 -0.368866 1 P 171
L -0.881130 -0.368866 -0.887795 -0.368866 1 P 171
L -0.887795 -0.368866 -0.891126 -0.365535 1 P 171
L -0.891126 -0.365535 -0.891126 -0.352205 1 P 171
L -0.891126 -0.352205 -0.887795 -0.348874 1 P 171
L -0.887795 -0.348874 -0.881130 -0.348874 1 P 171
L -0.884461 -0.355539 -0.877795 -0.348874 1 P 171
L -0.881130 -0.348874 -0.877795 -0.352205 1 P 171
L -0.871134 -0.365535 -0.867799 -0.368866 1 P 171
L -0.867799 -0.368866 -0.861134 -0.368866 1 P 171
L -0.861134 -0.368866 -0.857803 -0.365535 1 P 171
L -0.857803 -0.365535 -0.857803 -0.362205 1 P 171
L -0.857803 -0.362205 -0.861134 -0.358870 1 P 171
L -0.861134 -0.358870 -0.864469 -0.358870 1 P 171
L -0.864469 -0.358870 -0.861134 -0.358870 1 P 171
L -0.861134 -0.358870 -0.857803 -0.355539 1 P 171
L -0.857803 -0.355539 -0.857803 -0.352205 1 P 171
L -0.857803 -0.352205 -0.861134 -0.348874 1 P 171
L -0.861134 -0.348874 -0.867799 -0.348874 1 P 171
L -0.867799 -0.348874 -0.871134 -0.352205 1 P 171
L -0.910039 0.446378 -0.930031 0.446378 1 P 171
L -0.930031 0.446378 -0.930031 0.456374 1 P 171
L -0.930031 0.456374 -0.926701 0.459709 1 P 171
L -0.926701 0.459709 -0.913370 0.459709 1 P 171
L -0.913370 0.459709 -0.910039 0.456374 1 P 171
L -0.910039 0.456374 -0.910039 0.446378 1 P 171
L -0.913370 0.466370 -0.910039 0.469705 1 P 171
L -0.910039 0.469705 -0.910039 0.476366 1 P 171
L -0.910039 0.476366 -0.913370 0.479701 1 P 171
L -0.913370 0.479701 -0.916701 0.479701 1 P 171
L -0.916701 0.479701 -0.920035 0.476366 1 P 171
L -0.920035 0.476366 -0.920035 0.473035 1 P 171
L -0.920035 0.473035 -0.920035 0.476366 1 P 171
L -0.920035 0.476366 -0.923366 0.479701 1 P 171
L -0.923366 0.479701 -0.926701 0.479701 1 P 171
L -0.926701 0.479701 -0.930031 0.476366 1 P 171
L -0.930031 0.476366 -0.930031 0.469705 1 P 171
L -0.930031 0.469705 -0.926701 0.466370 1 P 171
L -0.484055 -0.016496 -0.500717 -0.016496 1 P 171
L -0.500717 -0.016496 -0.504047 -0.013165 1 P 171
L -0.504047 -0.013165 -0.504047 -0.006500 1 P 171
L -0.504047 -0.006500 -0.500717 -0.003165 1 P 171
L -0.500717 -0.003165 -0.484055 -0.003165 1 P 171
L -0.504047 0.003496 -0.504047 0.010161 1 P 171
L -0.504047 0.010161 -0.504047 0.006831 1 P 171
L -0.504047 0.006831 -0.484055 0.006831 1 P 171
L -0.484055 0.006831 -0.487386 0.003496 1 P 171
L -0.487386 0.020157 -0.484055 0.023492 1 P 171
L -0.484055 0.023492 -0.484055 0.030157 1 P 171
L -0.484055 0.030157 -0.487386 0.033488 1 P 171
L -0.487386 0.033488 -0.500717 0.033488 1 P 171
L -0.500717 0.033488 -0.504047 0.030157 1 P 171
L -0.504047 0.030157 -0.504047 0.023492 1 P 171
L -0.504047 0.023492 -0.500717 0.020157 1 P 171
L -0.500717 0.020157 -0.487386 0.020157 1 P 171
L -0.706130 -0.112874 -0.716126 -0.112874 2 P 172
L -0.716126 -0.112874 -0.716126 -0.106209 2 P 172
L -0.707795 -0.102878 -0.706130 -0.101213 2 P 172
L -0.706130 -0.101213 -0.706130 -0.097878 2 P 172
L -0.706130 -0.097878 -0.707795 -0.096213 2 P 172
L -0.707795 -0.096213 -0.709461 -0.096213 2 P 172
L -0.709461 -0.096213 -0.711126 -0.097878 2 P 172
L -0.711126 -0.097878 -0.712795 -0.096213 2 P 172
L -0.712795 -0.096213 -0.714461 -0.096213 2 P 172
L -0.714461 -0.096213 -0.716126 -0.097878 2 P 172
L -0.716126 -0.097878 -0.716126 -0.101213 2 P 172
L -0.716126 -0.101213 -0.714461 -0.102878 2 P 172
L -0.714461 -0.102878 -0.712795 -0.102878 2 P 172
L -0.712795 -0.102878 -0.711126 -0.101213 2 P 172
L -0.711126 -0.101213 -0.709461 -0.102878 2 P 172
L -0.709461 -0.102878 -0.707795 -0.102878 2 P 172
L -0.711126 -0.101213 -0.711126 -0.097878 2 P 172
L -0.139126 -0.274878 -0.139126 -0.284874 2 P 172
L -0.139126 -0.284874 -0.145791 -0.284874 2 P 172
L -0.149122 -0.284874 -0.152457 -0.284874 2 P 172
L -0.152457 -0.284874 -0.150787 -0.284874 2 P 172
L -0.150787 -0.284874 -0.150787 -0.274878 2 P 172
L -0.150787 -0.274878 -0.149122 -0.276543 2 P 172
L -0.164118 -0.274878 -0.157453 -0.274878 2 P 172
L -0.157453 -0.274878 -0.157453 -0.279874 2 P 172
L -0.157453 -0.279874 -0.160787 -0.278209 2 P 172
L -0.160787 -0.278209 -0.162453 -0.278209 2 P 172
L -0.162453 -0.278209 -0.164118 -0.279874 2 P 172
L -0.164118 -0.279874 -0.164118 -0.283209 2 P 172
L -0.164118 -0.283209 -0.162453 -0.284874 2 P 172
L -0.162453 -0.284874 -0.159118 -0.284874 2 P 172
L -0.159118 -0.284874 -0.157453 -0.283209 2 P 172
L -1.019122 -0.238874 -1.009126 -0.238874 2 P 172
L -1.009126 -0.238874 -1.009126 -0.245539 2 P 172
L -1.009126 -0.248870 -1.009126 -0.252205 2 P 172
L -1.009126 -0.252205 -1.009126 -0.250535 2 P 172
L -1.009126 -0.250535 -1.019122 -0.250535 2 P 172
L -1.019122 -0.250535 -1.017457 -0.248870 2 P 172
L -1.009126 -0.262201 -1.019122 -0.262201 2 P 172
L -1.019122 -0.262201 -1.014126 -0.257201 2 P 172
L -1.014126 -0.257201 -1.014126 -0.263866 2 P 172
L -0.493126 0.115126 -0.483130 0.115126 2 P 172
L -0.483130 0.115126 -0.483130 0.120126 2 P 172
L -0.483130 0.120126 -0.484795 0.121791 2 P 172
L -0.484795 0.121791 -0.488126 0.121791 2 P 172
L -0.488126 0.121791 -0.489795 0.120126 2 P 172
L -0.489795 0.120126 -0.489795 0.115126 2 P 172
L -0.489795 0.118457 -0.493126 0.121791 2 P 172
L -0.493126 0.131787 -0.493126 0.125122 2 P 172
L -0.493126 0.125122 -0.486461 0.131787 2 P 172
L -0.486461 0.131787 -0.484795 0.131787 2 P 172
L -0.484795 0.131787 -0.483130 0.130122 2 P 172
L -0.483130 0.130122 -0.483130 0.126787 2 P 172
L -0.483130 0.126787 -0.484795 0.125122 2 P 172
L -0.493126 0.140118 -0.483130 0.140118 2 P 172
L -0.483130 0.140118 -0.488126 0.135118 2 P 172
L -0.488126 0.135118 -0.488126 0.141783 2 P 172
L -0.535559 0.218969 -0.545555 0.218969 2 P 172
L -0.545555 0.218969 -0.545555 0.213969 2 P 172
L -0.545555 0.213969 -0.543890 0.212303 2 P 172
L -0.543890 0.212303 -0.540559 0.212303 2 P 172
L -0.540559 0.212303 -0.538890 0.213969 2 P 172
L -0.538890 0.213969 -0.538890 0.218969 2 P 172
L -0.538890 0.215638 -0.535559 0.212303 2 P 172
L -0.535559 0.202307 -0.535559 0.208972 2 P 172
L -0.535559 0.208972 -0.542224 0.202307 2 P 172
L -0.542224 0.202307 -0.543890 0.202307 2 P 172
L -0.543890 0.202307 -0.545555 0.203972 2 P 172
L -0.545555 0.203972 -0.545555 0.207307 2 P 172
L -0.545555 0.207307 -0.543890 0.208972 2 P 172
L -0.535559 0.192311 -0.535559 0.198976 2 P 172
L -0.535559 0.198976 -0.542224 0.192311 2 P 172
L -0.542224 0.192311 -0.543890 0.192311 2 P 172
L -0.543890 0.192311 -0.545555 0.193976 2 P 172
L -0.545555 0.193976 -0.545555 0.197311 2 P 172
L -0.545555 0.197311 -0.543890 0.198976 2 P 172
L -0.538409 0.117980 -0.536744 0.116315 2 P 172
L -0.536744 0.116315 -0.536744 0.112980 2 P 172
L -0.536744 0.112980 -0.538409 0.111315 2 P 172
L -0.538409 0.111315 -0.545075 0.111315 2 P 172
L -0.545075 0.111315 -0.546740 0.112980 2 P 172
L -0.546740 0.112980 -0.546740 0.116315 2 P 172
L -0.546740 0.116315 -0.545075 0.117980 2 P 172
L -0.546740 0.127976 -0.546740 0.121311 2 P 172
L -0.546740 0.121311 -0.540075 0.127976 2 P 172
L -0.540075 0.127976 -0.538409 0.127976 2 P 172
L -0.538409 0.127976 -0.536744 0.126311 2 P 172
L -0.536744 0.126311 -0.536744 0.122976 2 P 172
L -0.536744 0.122976 -0.538409 0.121311 2 P 172
L -0.536744 0.131307 -0.536744 0.137972 2 P 172
L -0.536744 0.137972 -0.538409 0.137972 2 P 172
L -0.538409 0.137972 -0.545075 0.131307 2 P 172
L -0.545075 0.131307 -0.546740 0.131307 2 P 172
L -0.601299 0.343386 -0.591303 0.343386 2 P 172
L -0.591303 0.343386 -0.591303 0.348386 2 P 172
L -0.591303 0.348386 -0.592969 0.350051 2 P 172
L -0.592969 0.350051 -0.596299 0.350051 2 P 172
L -0.596299 0.350051 -0.597969 0.348386 2 P 172
L -0.597969 0.348386 -0.597969 0.343386 2 P 172
L -0.597969 0.346717 -0.601299 0.350051 2 P 172
L -0.601299 0.360047 -0.601299 0.353382 2 P 172
L -0.601299 0.353382 -0.594634 0.360047 2 P 172
L -0.594634 0.360047 -0.592969 0.360047 2 P 172
L -0.592969 0.360047 -0.591303 0.358382 2 P 172
L -0.591303 0.358382 -0.591303 0.355047 2 P 172
L -0.591303 0.355047 -0.592969 0.353382 2 P 172
L -0.746354 -0.146327 -0.744689 -0.147992 2 P 172
L -0.744689 -0.147992 -0.744689 -0.151327 2 P 172
L -0.744689 -0.151327 -0.746354 -0.152992 2 P 172
L -0.746354 -0.152992 -0.753020 -0.152992 2 P 172
L -0.753020 -0.152992 -0.754685 -0.151327 2 P 172
L -0.754685 -0.151327 -0.754685 -0.147992 2 P 172
L -0.754685 -0.147992 -0.753020 -0.146327 2 P 172
L -0.754685 -0.142996 -0.754685 -0.139661 2 P 172
L -0.754685 -0.139661 -0.754685 -0.141331 2 P 172
L -0.754685 -0.141331 -0.744689 -0.141331 2 P 172
L -0.744689 -0.141331 -0.746354 -0.142996 2 P 172
L -0.744689 -0.128000 -0.744689 -0.134665 2 P 172
L -0.744689 -0.134665 -0.749685 -0.134665 2 P 172
L -0.749685 -0.134665 -0.748020 -0.131331 2 P 172
L -0.748020 -0.131331 -0.748020 -0.129665 2 P 172
L -0.748020 -0.129665 -0.749685 -0.128000 2 P 172
L -0.749685 -0.128000 -0.753020 -0.128000 2 P 172
L -0.753020 -0.128000 -0.754685 -0.129665 2 P 172
L -0.754685 -0.129665 -0.754685 -0.133000 2 P 172
L -0.754685 -0.133000 -0.753020 -0.134665 2 P 172
L -0.307803 -0.022094 -0.317799 -0.022094 2 P 172
L -0.317799 -0.022094 -0.317799 -0.027094 2 P 172
L -0.317799 -0.027094 -0.316134 -0.028760 2 P 172
L -0.316134 -0.028760 -0.312799 -0.028760 2 P 172
L -0.312799 -0.028760 -0.311134 -0.027094 2 P 172
L -0.311134 -0.027094 -0.311134 -0.022094 2 P 172
L -0.311134 -0.025425 -0.307803 -0.028760 2 P 172
L -0.307803 -0.037091 -0.317799 -0.037091 2 P 172
L -0.317799 -0.037091 -0.312799 -0.032091 2 P 172
L -0.312799 -0.032091 -0.312799 -0.038756 2 P 172
L -0.316134 -0.042087 -0.317799 -0.043756 2 P 172
L -0.317799 -0.043756 -0.317799 -0.047087 2 P 172
L -0.317799 -0.047087 -0.316134 -0.048752 2 P 172
L -0.316134 -0.048752 -0.314469 -0.048752 2 P 172
L -0.314469 -0.048752 -0.312799 -0.047087 2 P 172
L -0.312799 -0.047087 -0.312799 -0.045421 2 P 172
L -0.312799 -0.045421 -0.312799 -0.047087 2 P 172
L -0.312799 -0.047087 -0.311134 -0.048752 2 P 172
L -0.311134 -0.048752 -0.309469 -0.048752 2 P 172
L -0.309469 -0.048752 -0.307803 -0.047087 2 P 172
L -0.307803 -0.047087 -0.307803 -0.043756 2 P 172
L -0.307803 -0.043756 -0.309469 -0.042087 2 P 172
L -0.746488 -0.236295 -0.744823 -0.237961 2 P 172
L -0.744823 -0.237961 -0.744823 -0.241295 2 P 172
L -0.744823 -0.241295 -0.746488 -0.242961 2 P 172
L -0.746488 -0.242961 -0.753154 -0.242961 2 P 172
L -0.753154 -0.242961 -0.754819 -0.241295 2 P 172
L -0.754819 -0.241295 -0.754819 -0.237961 2 P 172
L -0.754819 -0.237961 -0.753154 -0.236295 2 P 172
L -0.754819 -0.232965 -0.754819 -0.229630 2 P 172
L -0.754819 -0.229630 -0.754819 -0.231299 2 P 172
L -0.754819 -0.231299 -0.744823 -0.231299 2 P 172
L -0.744823 -0.231299 -0.746488 -0.232965 2 P 172
L -0.744823 -0.217969 -0.746488 -0.221299 2 P 172
L -0.746488 -0.221299 -0.749819 -0.224634 2 P 172
L -0.749819 -0.224634 -0.753154 -0.224634 2 P 172
L -0.753154 -0.224634 -0.754819 -0.222969 2 P 172
L -0.754819 -0.222969 -0.754819 -0.219634 2 P 172
L -0.754819 -0.219634 -0.753154 -0.217969 2 P 172
L -0.753154 -0.217969 -0.751488 -0.217969 2 P 172
L -0.751488 -0.217969 -0.749819 -0.219634 2 P 172
L -0.749819 -0.219634 -0.749819 -0.224634 2 P 172
L -0.715457 -0.218539 -0.717122 -0.216874 2 P 172
L -0.717122 -0.216874 -0.717122 -0.213539 2 P 172
L -0.717122 -0.213539 -0.715457 -0.211874 2 P 172
L -0.715457 -0.211874 -0.708791 -0.211874 2 P 172
L -0.708791 -0.211874 -0.707126 -0.213539 2 P 172
L -0.707126 -0.213539 -0.707126 -0.216874 2 P 172
L -0.707126 -0.216874 -0.708791 -0.218539 2 P 172
L -0.707126 -0.226870 -0.717122 -0.226870 2 P 172
L -0.717122 -0.226870 -0.712126 -0.221870 2 P 172
L -0.712126 -0.221870 -0.712126 -0.228535 2 P 172
L -0.715457 -0.231866 -0.717122 -0.233535 2 P 172
L -0.717122 -0.233535 -0.717122 -0.236866 2 P 172
L -0.717122 -0.236866 -0.715457 -0.238531 2 P 172
L -0.715457 -0.238531 -0.713791 -0.238531 2 P 172
L -0.713791 -0.238531 -0.712126 -0.236866 2 P 172
L -0.712126 -0.236866 -0.710457 -0.238531 2 P 172
L -0.710457 -0.238531 -0.708791 -0.238531 2 P 172
L -0.708791 -0.238531 -0.707126 -0.236866 2 P 172
L -0.707126 -0.236866 -0.707126 -0.233535 2 P 172
L -0.707126 -0.233535 -0.708791 -0.231866 2 P 172
L -0.708791 -0.231866 -0.710457 -0.231866 2 P 172
L -0.710457 -0.231866 -0.712126 -0.233535 2 P 172
L -0.712126 -0.233535 -0.713791 -0.231866 2 P 172
L -0.713791 -0.231866 -0.715457 -0.231866 2 P 172
L -0.712126 -0.233535 -0.712126 -0.236866 2 P 172
L -0.417457 -0.218539 -0.419122 -0.216874 2 P 172
L -0.419122 -0.216874 -0.419122 -0.213539 2 P 172
L -0.419122 -0.213539 -0.417457 -0.211874 2 P 172
L -0.417457 -0.211874 -0.410791 -0.211874 2 P 172
L -0.410791 -0.211874 -0.409126 -0.213539 2 P 172
L -0.409126 -0.213539 -0.409126 -0.216874 2 P 172
L -0.409126 -0.216874 -0.410791 -0.218539 2 P 172
L -0.409126 -0.226870 -0.419122 -0.226870 2 P 172
L -0.419122 -0.226870 -0.414126 -0.221870 2 P 172
L -0.414126 -0.221870 -0.414126 -0.228535 2 P 172
L -0.410791 -0.231866 -0.409126 -0.233535 2 P 172
L -0.409126 -0.233535 -0.409126 -0.236866 2 P 172
L -0.409126 -0.236866 -0.410791 -0.238531 2 P 172
L -0.410791 -0.238531 -0.417457 -0.238531 2 P 172
L -0.417457 -0.238531 -0.419122 -0.236866 2 P 172
L -0.419122 -0.236866 -0.419122 -0.233535 2 P 172
L -0.419122 -0.233535 -0.417457 -0.231866 2 P 172
L -0.417457 -0.231866 -0.415791 -0.231866 2 P 172
L -0.415791 -0.231866 -0.414126 -0.233535 2 P 172
L -0.414126 -0.233535 -0.414126 -0.238531 2 P 172
L -0.530461 -0.493205 -0.532126 -0.494870 2 P 172
L -0.532126 -0.494870 -0.535461 -0.494870 2 P 172
L -0.535461 -0.494870 -0.537126 -0.493205 2 P 172
L -0.537126 -0.493205 -0.537126 -0.486539 2 P 172
L -0.537126 -0.486539 -0.535461 -0.484874 2 P 172
L -0.535461 -0.484874 -0.532126 -0.484874 2 P 172
L -0.532126 -0.484874 -0.530461 -0.486539 2 P 172
L -0.520465 -0.494870 -0.527130 -0.494870 2 P 172
L -0.527130 -0.494870 -0.527130 -0.489874 2 P 172
L -0.527130 -0.489874 -0.523795 -0.491539 2 P 172
L -0.523795 -0.491539 -0.522130 -0.491539 2 P 172
L -0.522130 -0.491539 -0.520465 -0.489874 2 P 172
L -0.520465 -0.489874 -0.520465 -0.486539 2 P 172
L -0.520465 -0.486539 -0.522130 -0.484874 2 P 172
L -0.522130 -0.484874 -0.525465 -0.484874 2 P 172
L -0.525465 -0.484874 -0.527130 -0.486539 2 P 172
L -0.517134 -0.484874 -0.513799 -0.484874 2 P 172
L -0.513799 -0.484874 -0.515465 -0.484874 2 P 172
L -0.515465 -0.484874 -0.515465 -0.494870 2 P 172
L -0.515465 -0.494870 -0.517134 -0.493205 2 P 172
L -0.592791 -0.490543 -0.591126 -0.488878 2 P 172
L -0.591126 -0.488878 -0.587791 -0.488878 2 P 172
L -0.587791 -0.488878 -0.586126 -0.490543 2 P 172
L -0.586126 -0.490543 -0.586126 -0.497209 2 P 172
L -0.586126 -0.497209 -0.587791 -0.498874 2 P 172
L -0.587791 -0.498874 -0.591126 -0.498874 2 P 172
L -0.591126 -0.498874 -0.592791 -0.497209 2 P 172
L -0.602787 -0.488878 -0.596122 -0.488878 2 P 172
L -0.596122 -0.488878 -0.596122 -0.493874 2 P 172
L -0.596122 -0.493874 -0.599457 -0.492209 2 P 172
L -0.599457 -0.492209 -0.601122 -0.492209 2 P 172
L -0.601122 -0.492209 -0.602787 -0.493874 2 P 172
L -0.602787 -0.493874 -0.602787 -0.497209 2 P 172
L -0.602787 -0.497209 -0.601122 -0.498874 2 P 172
L -0.601122 -0.498874 -0.597787 -0.498874 2 P 172
L -0.597787 -0.498874 -0.596122 -0.497209 2 P 172
L -0.606118 -0.490543 -0.607783 -0.488878 2 P 172
L -0.607783 -0.488878 -0.611118 -0.488878 2 P 172
L -0.611118 -0.488878 -0.612783 -0.490543 2 P 172
L -0.612783 -0.490543 -0.612783 -0.497209 2 P 172
L -0.612783 -0.497209 -0.611118 -0.498874 2 P 172
L -0.611118 -0.498874 -0.607783 -0.498874 2 P 172
L -0.607783 -0.498874 -0.606118 -0.497209 2 P 172
L -0.606118 -0.497209 -0.606118 -0.490543 2 P 172
L -0.418791 -0.490543 -0.417126 -0.488878 2 P 172
L -0.417126 -0.488878 -0.413791 -0.488878 2 P 172
L -0.413791 -0.488878 -0.412126 -0.490543 2 P 172
L -0.412126 -0.490543 -0.412126 -0.497209 2 P 172
L -0.412126 -0.497209 -0.413791 -0.498874 2 P 172
L -0.413791 -0.498874 -0.417126 -0.498874 2 P 172
L -0.417126 -0.498874 -0.418791 -0.497209 2 P 172
L -0.428787 -0.488878 -0.422122 -0.488878 2 P 172
L -0.422122 -0.488878 -0.422122 -0.493874 2 P 172
L -0.422122 -0.493874 -0.425457 -0.492209 2 P 172
L -0.425457 -0.492209 -0.427122 -0.492209 2 P 172
L -0.427122 -0.492209 -0.428787 -0.493874 2 P 172
L -0.428787 -0.493874 -0.428787 -0.497209 2 P 172
L -0.428787 -0.497209 -0.427122 -0.498874 2 P 172
L -0.427122 -0.498874 -0.423787 -0.498874 2 P 172
L -0.423787 -0.498874 -0.422122 -0.497209 2 P 172
L -0.438783 -0.498874 -0.432118 -0.498874 2 P 172
L -0.432118 -0.498874 -0.438783 -0.492209 2 P 172
L -0.438783 -0.492209 -0.438783 -0.490543 2 P 172
L -0.438783 -0.490543 -0.437118 -0.488878 2 P 172
L -0.437118 -0.488878 -0.433787 -0.488878 2 P 172
L -0.433787 -0.488878 -0.432118 -0.490543 2 P 172
L -0.355461 -0.493205 -0.357126 -0.494870 2 P 172
L -0.357126 -0.494870 -0.360461 -0.494870 2 P 172
L -0.360461 -0.494870 -0.362126 -0.493205 2 P 172
L -0.362126 -0.493205 -0.362126 -0.486539 2 P 172
L -0.362126 -0.486539 -0.360461 -0.484874 2 P 172
L -0.360461 -0.484874 -0.357126 -0.484874 2 P 172
L -0.357126 -0.484874 -0.355461 -0.486539 2 P 172
L -0.345465 -0.494870 -0.352130 -0.494870 2 P 172
L -0.352130 -0.494870 -0.352130 -0.489874 2 P 172
L -0.352130 -0.489874 -0.348795 -0.491539 2 P 172
L -0.348795 -0.491539 -0.347130 -0.491539 2 P 172
L -0.347130 -0.491539 -0.345465 -0.489874 2 P 172
L -0.345465 -0.489874 -0.345465 -0.486539 2 P 172
L -0.345465 -0.486539 -0.347130 -0.484874 2 P 172
L -0.347130 -0.484874 -0.350465 -0.484874 2 P 172
L -0.350465 -0.484874 -0.352130 -0.486539 2 P 172
L -0.342134 -0.493205 -0.340465 -0.494870 2 P 172
L -0.340465 -0.494870 -0.337134 -0.494870 2 P 172
L -0.337134 -0.494870 -0.335469 -0.493205 2 P 172
L -0.335469 -0.493205 -0.335469 -0.491539 2 P 172
L -0.335469 -0.491539 -0.337134 -0.489874 2 P 172
L -0.337134 -0.489874 -0.338799 -0.489874 2 P 172
L -0.338799 -0.489874 -0.337134 -0.489874 2 P 172
L -0.337134 -0.489874 -0.335469 -0.488205 2 P 172
L -0.335469 -0.488205 -0.335469 -0.486539 2 P 172
L -0.335469 -0.486539 -0.337134 -0.484874 2 P 172
L -0.337134 -0.484874 -0.340465 -0.484874 2 P 172
L -0.340465 -0.484874 -0.342134 -0.486539 2 P 172
L -0.607591 -0.091980 -0.605925 -0.093646 2 P 172
L -0.605925 -0.093646 -0.605925 -0.096980 2 P 172
L -0.605925 -0.096980 -0.607591 -0.098646 2 P 172
L -0.607591 -0.098646 -0.614256 -0.098646 2 P 172
L -0.614256 -0.098646 -0.615921 -0.096980 2 P 172
L -0.615921 -0.096980 -0.615921 -0.093646 2 P 172
L -0.615921 -0.093646 -0.614256 -0.091980 2 P 172
L -0.615921 -0.088650 -0.615921 -0.085315 2 P 172
L -0.615921 -0.085315 -0.615921 -0.086984 2 P 172
L -0.615921 -0.086984 -0.605925 -0.086984 2 P 172
L -0.605925 -0.086984 -0.607591 -0.088650 2 P 172
L -0.607591 -0.080319 -0.605925 -0.078654 2 P 172
L -0.605925 -0.078654 -0.605925 -0.075319 2 P 172
L -0.605925 -0.075319 -0.607591 -0.073654 2 P 172
L -0.607591 -0.073654 -0.609256 -0.073654 2 P 172
L -0.609256 -0.073654 -0.610921 -0.075319 2 P 172
L -0.610921 -0.075319 -0.612591 -0.073654 2 P 172
L -0.612591 -0.073654 -0.614256 -0.073654 2 P 172
L -0.614256 -0.073654 -0.615921 -0.075319 2 P 172
L -0.615921 -0.075319 -0.615921 -0.078654 2 P 172
L -0.615921 -0.078654 -0.614256 -0.080319 2 P 172
L -0.614256 -0.080319 -0.612591 -0.080319 2 P 172
L -0.612591 -0.080319 -0.610921 -0.078654 2 P 172
L -0.610921 -0.078654 -0.609256 -0.080319 2 P 172
L -0.609256 -0.080319 -0.607591 -0.080319 2 P 172
L -0.610921 -0.078654 -0.610921 -0.075319 2 P 172
L -0.495795 -0.426209 -0.494130 -0.427874 2 P 172
L -0.494130 -0.427874 -0.494130 -0.431209 2 P 172
L -0.494130 -0.431209 -0.495795 -0.432874 2 P 172
L -0.495795 -0.432874 -0.502461 -0.432874 2 P 172
L -0.502461 -0.432874 -0.504126 -0.431209 2 P 172
L -0.504126 -0.431209 -0.504126 -0.427874 2 P 172
L -0.504126 -0.427874 -0.502461 -0.426209 2 P 172
L -0.504126 -0.417878 -0.494130 -0.417878 2 P 172
L -0.494130 -0.417878 -0.499126 -0.422878 2 P 172
L -0.499126 -0.422878 -0.499126 -0.416213 2 P 172
L -0.494130 -0.412882 -0.494130 -0.406217 2 P 172
L -0.494130 -0.406217 -0.495795 -0.406217 2 P 172
L -0.495795 -0.406217 -0.502461 -0.412882 2 P 172
L -0.502461 -0.412882 -0.504126 -0.412882 2 P 172
L -0.640913 0.007858 -0.640913 -0.002138 2 P 172
L -0.640913 -0.002138 -0.635913 -0.002138 2 P 172
L -0.635913 -0.002138 -0.634248 -0.000472 2 P 172
L -0.634248 -0.000472 -0.634248 0.002858 2 P 172
L -0.634248 0.002858 -0.635913 0.004528 2 P 172
L -0.635913 0.004528 -0.640913 0.004528 2 P 172
L -0.637583 0.004528 -0.634248 0.007858 2 P 172
L -0.624252 -0.002138 -0.627583 -0.000472 2 P 172
L -0.627583 -0.000472 -0.630917 0.002858 2 P 172
L -0.630917 0.002858 -0.630917 0.006193 2 P 172
L -0.630917 0.006193 -0.629252 0.007858 2 P 172
L -0.629252 0.007858 -0.625917 0.007858 2 P 172
L -0.625917 0.007858 -0.624252 0.006193 2 P 172
L -0.624252 0.006193 -0.624252 0.004528 2 P 172
L -0.624252 0.004528 -0.625917 0.002858 2 P 172
L -0.625917 0.002858 -0.630917 0.002858 2 P 172
L -0.734461 -0.432205 -0.736126 -0.433870 2 P 172
L -0.736126 -0.433870 -0.739461 -0.433870 2 P 172
L -0.739461 -0.433870 -0.741126 -0.432205 2 P 172
L -0.741126 -0.432205 -0.741126 -0.425539 2 P 172
L -0.741126 -0.425539 -0.739461 -0.423874 2 P 172
L -0.739461 -0.423874 -0.736126 -0.423874 2 P 172
L -0.736126 -0.423874 -0.734461 -0.425539 2 P 172
L -0.724465 -0.433870 -0.731130 -0.433870 2 P 172
L -0.731130 -0.433870 -0.731130 -0.428874 2 P 172
L -0.731130 -0.428874 -0.727795 -0.430539 2 P 172
L -0.727795 -0.430539 -0.726130 -0.430539 2 P 172
L -0.726130 -0.430539 -0.724465 -0.428874 2 P 172
L -0.724465 -0.428874 -0.724465 -0.425539 2 P 172
L -0.724465 -0.425539 -0.726130 -0.423874 2 P 172
L -0.726130 -0.423874 -0.729465 -0.423874 2 P 172
L -0.729465 -0.423874 -0.731130 -0.425539 2 P 172
L -0.714469 -0.433870 -0.721134 -0.433870 2 P 172
L -0.721134 -0.433870 -0.721134 -0.428874 2 P 172
L -0.721134 -0.428874 -0.717799 -0.430539 2 P 172
L -0.717799 -0.430539 -0.716134 -0.430539 2 P 172
L -0.716134 -0.430539 -0.714469 -0.428874 2 P 172
L -0.714469 -0.428874 -0.714469 -0.425539 2 P 172
L -0.714469 -0.425539 -0.716134 -0.423874 2 P 172
L -0.716134 -0.423874 -0.719465 -0.423874 2 P 172
L -0.719465 -0.423874 -0.721134 -0.425539 2 P 172
L -0.807791 -0.428543 -0.806126 -0.426878 2 P 172
L -0.806126 -0.426878 -0.802791 -0.426878 2 P 172
L -0.802791 -0.426878 -0.801126 -0.428543 2 P 172
L -0.801126 -0.428543 -0.801126 -0.435209 2 P 172
L -0.801126 -0.435209 -0.802791 -0.436874 2 P 172
L -0.802791 -0.436874 -0.806126 -0.436874 2 P 172
L -0.806126 -0.436874 -0.807791 -0.435209 2 P 172
L -0.817787 -0.426878 -0.811122 -0.426878 2 P 172
L -0.811122 -0.426878 -0.811122 -0.431874 2 P 172
L -0.811122 -0.431874 -0.814457 -0.430209 2 P 172
L -0.814457 -0.430209 -0.816122 -0.430209 2 P 172
L -0.816122 -0.430209 -0.817787 -0.431874 2 P 172
L -0.817787 -0.431874 -0.817787 -0.435209 2 P 172
L -0.817787 -0.435209 -0.816122 -0.436874 2 P 172
L -0.816122 -0.436874 -0.812787 -0.436874 2 P 172
L -0.812787 -0.436874 -0.811122 -0.435209 2 P 172
L -0.826118 -0.436874 -0.826118 -0.426878 2 P 172
L -0.826118 -0.426878 -0.821118 -0.431874 2 P 172
L -0.821118 -0.431874 -0.827783 -0.431874 2 P 172
L -0.830126 -0.470874 -0.830126 -0.480870 2 P 172
L -0.830126 -0.480870 -0.825126 -0.480870 2 P 172
L -0.825126 -0.480870 -0.823461 -0.479205 2 P 172
L -0.823461 -0.479205 -0.823461 -0.475874 2 P 172
L -0.823461 -0.475874 -0.825126 -0.474205 2 P 172
L -0.825126 -0.474205 -0.830126 -0.474205 2 P 172
L -0.826795 -0.474205 -0.823461 -0.470874 2 P 172
L -0.813465 -0.480870 -0.820130 -0.480870 2 P 172
L -0.820130 -0.480870 -0.820130 -0.475874 2 P 172
L -0.820130 -0.475874 -0.816795 -0.477539 2 P 172
L -0.816795 -0.477539 -0.815130 -0.477539 2 P 172
L -0.815130 -0.477539 -0.813465 -0.475874 2 P 172
L -0.813465 -0.475874 -0.813465 -0.472539 2 P 172
L -0.813465 -0.472539 -0.815130 -0.470874 2 P 172
L -0.815130 -0.470874 -0.818465 -0.470874 2 P 172
L -0.818465 -0.470874 -0.820130 -0.472539 2 P 172
L -0.810134 -0.479205 -0.808465 -0.480870 2 P 172
L -0.808465 -0.480870 -0.805134 -0.480870 2 P 172
L -0.805134 -0.480870 -0.803469 -0.479205 2 P 172
L -0.803469 -0.479205 -0.803469 -0.472539 2 P 172
L -0.803469 -0.472539 -0.805134 -0.470874 2 P 172
L -0.805134 -0.470874 -0.808465 -0.470874 2 P 172
L -0.808465 -0.470874 -0.810134 -0.472539 2 P 172
L -0.810134 -0.472539 -0.810134 -0.479205 2 P 172
L -0.481457 -0.074539 -0.483122 -0.072874 2 P 172
L -0.483122 -0.072874 -0.483122 -0.069539 2 P 172
L -0.483122 -0.069539 -0.481457 -0.067874 2 P 172
L -0.481457 -0.067874 -0.474791 -0.067874 2 P 172
L -0.474791 -0.067874 -0.473126 -0.069539 2 P 172
L -0.473126 -0.069539 -0.473126 -0.072874 2 P 172
L -0.473126 -0.072874 -0.474791 -0.074539 2 P 172
L -0.483122 -0.084535 -0.483122 -0.077870 2 P 172
L -0.483122 -0.077870 -0.478126 -0.077870 2 P 172
L -0.478126 -0.077870 -0.479791 -0.081205 2 P 172
L -0.479791 -0.081205 -0.479791 -0.082870 2 P 172
L -0.479791 -0.082870 -0.478126 -0.084535 2 P 172
L -0.478126 -0.084535 -0.474791 -0.084535 2 P 172
L -0.474791 -0.084535 -0.473126 -0.082870 2 P 172
L -0.473126 -0.082870 -0.473126 -0.079535 2 P 172
L -0.473126 -0.079535 -0.474791 -0.077870 2 P 172
L -0.481457 -0.087866 -0.483122 -0.089535 2 P 172
L -0.483122 -0.089535 -0.483122 -0.092866 2 P 172
L -0.483122 -0.092866 -0.481457 -0.094531 2 P 172
L -0.481457 -0.094531 -0.479791 -0.094531 2 P 172
L -0.479791 -0.094531 -0.478126 -0.092866 2 P 172
L -0.478126 -0.092866 -0.476457 -0.094531 2 P 172
L -0.476457 -0.094531 -0.474791 -0.094531 2 P 172
L -0.474791 -0.094531 -0.473126 -0.092866 2 P 172
L -0.473126 -0.092866 -0.473126 -0.089535 2 P 172
L -0.473126 -0.089535 -0.474791 -0.087866 2 P 172
L -0.474791 -0.087866 -0.476457 -0.087866 2 P 172
L -0.476457 -0.087866 -0.478126 -0.089535 2 P 172
L -0.478126 -0.089535 -0.479791 -0.087866 2 P 172
L -0.479791 -0.087866 -0.481457 -0.087866 2 P 172
L -0.478126 -0.089535 -0.478126 -0.092866 2 P 172
L -0.552457 -0.074539 -0.554122 -0.072874 2 P 172
L -0.554122 -0.072874 -0.554122 -0.069539 2 P 172
L -0.554122 -0.069539 -0.552457 -0.067874 2 P 172
L -0.552457 -0.067874 -0.545791 -0.067874 2 P 172
L -0.545791 -0.067874 -0.544126 -0.069539 2 P 172
L -0.544126 -0.069539 -0.544126 -0.072874 2 P 172
L -0.544126 -0.072874 -0.545791 -0.074539 2 P 172
L -0.554122 -0.084535 -0.554122 -0.077870 2 P 172
L -0.554122 -0.077870 -0.549126 -0.077870 2 P 172
L -0.549126 -0.077870 -0.550791 -0.081205 2 P 172
L -0.550791 -0.081205 -0.550791 -0.082870 2 P 172
L -0.550791 -0.082870 -0.549126 -0.084535 2 P 172
L -0.549126 -0.084535 -0.545791 -0.084535 2 P 172
L -0.545791 -0.084535 -0.544126 -0.082870 2 P 172
L -0.544126 -0.082870 -0.544126 -0.079535 2 P 172
L -0.544126 -0.079535 -0.545791 -0.077870 2 P 172
L -0.554122 -0.087866 -0.554122 -0.094531 2 P 172
L -0.554122 -0.094531 -0.552457 -0.094531 2 P 172
L -0.552457 -0.094531 -0.545791 -0.087866 2 P 172
L -0.545791 -0.087866 -0.544126 -0.087866 2 P 172
L -0.989126 -0.111874 -0.999122 -0.111874 2 P 172
L -0.999122 -0.111874 -0.999122 -0.116874 2 P 172
L -0.999122 -0.116874 -0.997457 -0.118539 2 P 172
L -0.997457 -0.118539 -0.994126 -0.118539 2 P 172
L -0.994126 -0.118539 -0.992457 -0.116874 2 P 172
L -0.992457 -0.116874 -0.992457 -0.111874 2 P 172
L -0.992457 -0.115205 -0.989126 -0.118539 2 P 172
L -0.989126 -0.121870 -0.989126 -0.125205 2 P 172
L -0.989126 -0.125205 -0.989126 -0.123535 2 P 172
L -0.989126 -0.123535 -0.999122 -0.123535 2 P 172
L -0.999122 -0.123535 -0.997457 -0.121870 2 P 172
L -0.989126 -0.130201 -0.989126 -0.133535 2 P 172
L -0.989126 -0.133535 -0.989126 -0.131866 2 P 172
L -0.989126 -0.131866 -0.999122 -0.131866 2 P 172
L -0.999122 -0.131866 -0.997457 -0.130201 2 P 172
L -1.002134 0.038339 -0.992138 0.038339 2 P 172
L -0.992138 0.038339 -0.992138 0.043339 2 P 172
L -0.992138 0.043339 -0.993803 0.045004 2 P 172
L -0.993803 0.045004 -0.997134 0.045004 2 P 172
L -0.997134 0.045004 -0.998803 0.043339 2 P 172
L -0.998803 0.043339 -0.998803 0.038339 2 P 172
L -0.998803 0.041669 -1.002134 0.045004 2 P 172
L -1.002134 0.048335 -1.002134 0.051669 2 P 172
L -1.002134 0.051669 -1.002134 0.050000 2 P 172
L -1.002134 0.050000 -0.992138 0.050000 2 P 172
L -0.992138 0.050000 -0.993803 0.048335 2 P 172
L -0.993803 0.056665 -0.992138 0.058331 2 P 172
L -0.992138 0.058331 -0.992138 0.061665 2 P 172
L -0.992138 0.061665 -0.993803 0.063331 2 P 172
L -0.993803 0.063331 -0.995469 0.063331 2 P 172
L -0.995469 0.063331 -0.997134 0.061665 2 P 172
L -0.997134 0.061665 -0.998803 0.063331 2 P 172
L -0.998803 0.063331 -1.000469 0.063331 2 P 172
L -1.000469 0.063331 -1.002134 0.061665 2 P 172
L -1.002134 0.061665 -1.002134 0.058331 2 P 172
L -1.002134 0.058331 -1.000469 0.056665 2 P 172
L -1.000469 0.056665 -0.998803 0.056665 2 P 172
L -0.998803 0.056665 -0.997134 0.058331 2 P 172
L -0.997134 0.058331 -0.995469 0.056665 2 P 172
L -0.995469 0.056665 -0.993803 0.056665 2 P 172
L -0.997134 0.058331 -0.997134 0.061665 2 P 172
L -0.963693 0.038339 -0.953697 0.038339 2 P 172
L -0.953697 0.038339 -0.953697 0.043339 2 P 172
L -0.953697 0.043339 -0.955362 0.045004 2 P 172
L -0.955362 0.045004 -0.958693 0.045004 2 P 172
L -0.958693 0.045004 -0.960362 0.043339 2 P 172
L -0.960362 0.043339 -0.960362 0.038339 2 P 172
L -0.960362 0.041669 -0.963693 0.045004 2 P 172
L -0.963693 0.048335 -0.963693 0.051669 2 P 172
L -0.963693 0.051669 -0.963693 0.050000 2 P 172
L -0.963693 0.050000 -0.953697 0.050000 2 P 172
L -0.953697 0.050000 -0.955362 0.048335 2 P 172
L -0.953697 0.056665 -0.953697 0.063331 2 P 172
L -0.953697 0.063331 -0.955362 0.063331 2 P 172
L -0.955362 0.063331 -0.962028 0.056665 2 P 172
L -0.962028 0.056665 -0.963693 0.056665 2 P 172
L -0.901606 0.052520 -0.891610 0.052520 2 P 172
L -0.891610 0.052520 -0.891610 0.057520 2 P 172
L -0.891610 0.057520 -0.893276 0.059185 2 P 172
L -0.893276 0.059185 -0.896606 0.059185 2 P 172
L -0.896606 0.059185 -0.898276 0.057520 2 P 172
L -0.898276 0.057520 -0.898276 0.052520 2 P 172
L -0.898276 0.055850 -0.901606 0.059185 2 P 172
L -0.901606 0.062516 -0.901606 0.065850 2 P 172
L -0.901606 0.065850 -0.901606 0.064181 2 P 172
L -0.901606 0.064181 -0.891610 0.064181 2 P 172
L -0.891610 0.064181 -0.893276 0.062516 2 P 172
L -0.893276 0.070846 -0.891610 0.072512 2 P 172
L -0.891610 0.072512 -0.891610 0.075846 2 P 172
L -0.891610 0.075846 -0.893276 0.077512 2 P 172
L -0.893276 0.077512 -0.899941 0.077512 2 P 172
L -0.899941 0.077512 -0.901606 0.075846 2 P 172
L -0.901606 0.075846 -0.901606 0.072512 2 P 172
L -0.901606 0.072512 -0.899941 0.070846 2 P 172
L -0.899941 0.070846 -0.893276 0.070846 2 P 172
L -0.894126 -0.284874 -0.894126 -0.294870 2 P 172
L -0.894126 -0.294870 -0.889126 -0.294870 2 P 172
L -0.889126 -0.294870 -0.887461 -0.293205 2 P 172
L -0.887461 -0.293205 -0.887461 -0.289874 2 P 172
L -0.887461 -0.289874 -0.889126 -0.288205 2 P 172
L -0.889126 -0.288205 -0.894126 -0.288205 2 P 172
L -0.890795 -0.288205 -0.887461 -0.284874 2 P 172
L -0.884130 -0.286539 -0.882465 -0.284874 2 P 172
L -0.882465 -0.284874 -0.879130 -0.284874 2 P 172
L -0.879130 -0.284874 -0.877465 -0.286539 2 P 172
L -0.877465 -0.286539 -0.877465 -0.293205 2 P 172
L -0.877465 -0.293205 -0.879130 -0.294870 2 P 172
L -0.879130 -0.294870 -0.882465 -0.294870 2 P 172
L -0.882465 -0.294870 -0.884130 -0.293205 2 P 172
L -0.884130 -0.293205 -0.884130 -0.291539 2 P 172
L -0.884130 -0.291539 -0.882465 -0.289874 2 P 172
L -0.882465 -0.289874 -0.877465 -0.289874 2 P 172
L -0.489732 -0.228315 -0.440520 -0.228315 3 P 175
L -0.489732 -0.224378 -0.440520 -0.224378 3 P 175
L -0.489732 -0.220441 -0.440520 -0.220441 3 P 175
L -0.489732 -0.216504 -0.440520 -0.216504 3 P 175
L -0.489732 -0.216504 -0.440520 -0.216504 3 P 175
L -0.489732 -0.295244 -0.489732 -0.216504 3 P 175
L -0.489732 -0.295244 -0.440520 -0.295244 3 P 175
L -0.440520 -0.295244 -0.440520 -0.216504 3 P 175
L -0.686732 -0.177433 -0.637520 -0.177433 3 P 175
L -0.686732 -0.181370 -0.637520 -0.181370 3 P 175
L -0.686732 -0.185307 -0.637520 -0.185307 3 P 175
L -0.686732 -0.189244 -0.637520 -0.189244 3 P 175
L -0.686732 -0.189244 -0.637520 -0.189244 3 P 175
L -0.637520 -0.189244 -0.637520 -0.110504 3 P 175
L -0.686732 -0.110504 -0.637520 -0.110504 3 P 175
L -0.686732 -0.189244 -0.686732 -0.110504 3 P 175
