#Layer_Color=32768
#
#Feature symbol names
#
$0 r2
$1 r1.9685

#
#Feature attribute names
#

#
#Layer features
#
L 0 0.0541575 0 0.0738425 1 P 0
L -0.000748 -0.011811 0.019252 -0.011811 0 P 0
L -0.003 0.103 0.017 0.103 0 P 0
L 0.007 0.093 0.007 0.113 0 P 0
L 0.009252 -0.021811 0.009252 -0.001811 0 P 0
L -0.0098425 0.064 0.0098425 0.064 1 P 0
L 0.015 -0.104 0.015 -0.07 0 P 0
L -0.021 -0.0968425 -0.021 -0.0771575 0 P 0
L -0.0308425 -0.087 -0.0111575 -0.087 0 P 0
L -0.037 0.046 0.037 0.046 1 P 0
L -0.037 0.046 -0.037 0.082 1 P 0
L 0.037 0.046 0.037 0.082 1 P 0
L -0.037 0.082 0.037 0.082 1 P 0
L -0.038 0.081 -0.038 0.125 0 P 0
L -0.038 0.081 0.052 0.081 0 P 0
L -0.038 0.125 0.052 0.125 0 P 0
L -0.048748 0.046189 0.067252 0.046189 0 P 0
L -0.048748 -0.069811 -0.048748 0.046189 0 P 0
L -0.048748 -0.069811 0.067252 -0.069811 0 P 0
L 0.052 0.081 0.052 0.125 0 P 0
L -0.057 -0.07 0.015 -0.07 0 P 0
L -0.057 -0.104 0.015 -0.104 0 P 0
L -0.057 -0.104 -0.057 -0.07 0 P 0
L 0.067252 -0.069811 0.067252 0.046189 0 P 0
L 0.075441 -0.065 0.109441 -0.065 0 P 0
L 0.075441 -0.137 0.075441 -0.065 0 P 0
L 0.075441 -0.137 0.109441 -0.137 0 P 0
L 0.0761575 0.01 0.1101575 0.01 0 P 0
L 0.0761575 0.013 0.0761575 0.085 0 P 0
L 0.0761575 0.013 0.1101575 0.013 0 P 0
L 0.0761575 -0.062 0.0761575 0.01 0 P 0
L 0.0761575 -0.062 0.1101575 -0.062 0 P 0
L 0.0761575 0.085 0.1101575 0.085 0 P 0
L 0.0825985 -0.101 0.1022835 -0.101 0 P 0
L 0.083315 -0.026 0.103 -0.026 0 P 0
L 0.083315 0.049 0.103 0.049 0 P 0
L 0.092441 -0.1108425 0.092441 -0.0911575 0 P 0
L 0.0931575 -0.0358425 0.0931575 -0.0161575 0 P 0
L 0.0931575 0.0391575 0.0931575 0.0588425 0 P 0
L 0.109441 -0.137 0.109441 -0.065 0 P 0
L 0.1101575 0.013 0.1101575 0.085 0 P 0
L 0.1101575 -0.062 0.1101575 0.01 0 P 0
L 0.117441 -0.062 0.189441 -0.062 0 P 0
L 0.117441 -0.096 0.117441 -0.062 0 P 0
L 0.117441 -0.096 0.189441 -0.096 0 P 0
L 0.118 0.061 0.118 0.095 0 P 0
L 0.118 0.061 0.19 0.061 0 P 0
L 0.118 0.095 0.19 0.095 0 P 0
L -0.1433543 -0.048937 -0.1433543 0.041063 0 P 0
L 0.1435985 -0.079 0.1632835 -0.079 0 P 0
L 0.1441575 0.078 0.1638425 0.078 0 P 0
L 0.153441 -0.0888425 0.153441 -0.0691575 0 P 0
L 0.154 0.0681575 0.154 0.0878425 0 P 0
L -0.1653543 -0.013937 -0.1653543 0.006063 0 P 0
L -0.1753543 -0.003937 -0.1553543 -0.003937 0 P 0
L -0.1873543 0.041063 -0.1433543 0.041063 0 P 0
L -0.1873543 -0.048937 -0.1433543 -0.048937 0 P 0
L -0.1873543 -0.048937 -0.1873543 0.041063 0 P 0
L 0.189441 -0.096 0.189441 -0.062 0 P 0
L 0.19 0.061 0.19 0.095 0 P 0
