#
#Feature symbol names
#
$0 r7.874016
$1 r19.685039
$2 r35.433071
$3 r118.110236
#
#Feature attribute names
#
@0 .drill
#
#Layer features
#
P -0.867126 -0.763858 0 P 1 0
P -0.837126 -0.668858 0 P 1 0
P -0.767126 -0.640866 0 P 1 0
P -0.785118 -0.614882 0 P 1 0
P -0.721142 -0.640866 0 P 1 0
P -0.721142 -0.585866 0 P 1 0
P -0.743110 -0.735866 0 P 1 0
P -0.746142 -0.407874 0 P 1 0
P -0.809803 -0.448858 0 P 1 0
P -0.868110 -0.442874 0 P 1 0
P -0.868110 -0.418858 0 P 1 0
P -1.008110 -0.412874 0 P 1 0
P -1.008110 -0.439882 0 P 1 0
P -0.960630 -0.543307 0 P 1 0
P -1.051181 -0.578740 0 P 1 0
P -0.611457 -0.621890 0 P 1 0
P -0.520118 -0.655866 0 P 1 0
P -0.531142 -0.736890 0 P 1 0
P -0.631142 -0.734882 0 P 1 0
P -0.409134 -0.736890 0 P 1 0
P -0.312126 -0.735866 0 P 1 0
P -0.214134 -0.733858 0 P 1 0
P -0.226142 -0.654882 0 P 1 0
P -0.079134 -0.654882 0 P 1 0
P -0.038110 -0.623858 0 P 1 0
P -0.011142 -0.637874 0 P 1 0
P -0.000787 -0.610276 0 P 1 0
P 0.029173 -0.576890 0 P 1 0
P 0.062717 -0.610748 0 P 1 0
P 0.125984 -0.616220 0 P 1 0
P 0.130984 -0.551181 0 P 1 0
P 0.094213 -0.539606 0 P 1 0
P 0.188976 -0.530197 0 P 1 0
P 0.234882 -0.599882 0 P 1 0
P 0.307874 -0.607874 0 P 1 0
P 0.407874 -0.607874 0 P 1 0
P 0.407874 -0.507874 0 P 1 0
P 0.307874 -0.507874 0 P 1 0
P 0.307874 -0.407874 0 P 1 0
P 0.407874 -0.407874 0 P 1 0
P 0.507874 -0.407874 0 P 1 0
P 0.507874 -0.507874 0 P 1 0
P 0.507874 -0.607874 0 P 1 0
P 0.501890 -0.758858 0 P 1 0
P 0.237874 -0.757874 0 P 1 0
P 0.125984 -0.730236 0 P 1 0
P 0.039370 -0.720472 0 P 1 0
P 0.076890 -0.666890 0 P 1 0
P -0.084134 -0.734882 0 P 1 0
P -0.091142 -0.538858 0 P 1 0
P -0.171142 -0.527874 0 P 1 0
P -0.160827 -0.438543 0 P 1 0
P -0.120118 -0.413858 0 P 1 0
P -0.103110 -0.458858 0 P 1 0
P -0.260118 -0.458858 0 P 1 0
P -0.293110 -0.436890 0 P 1 0
P -0.315945 -0.422244 0 P 1 0
P -0.328110 -0.527874 0 P 1 0
P -0.333425 -0.614882 0 P 1 0
P -0.426142 -0.654882 0 P 1 0
P -0.407126 -0.549882 0 P 1 0
P -0.485118 -0.530866 0 P 1 0
P -0.497244 -0.457874 0 P 1 0
P -0.565118 -0.538858 0 P 1 0
P -0.654724 -0.474882 0 P 1 0
P 0.075866 -0.436890 0 P 1 0
P 0.152874 -0.436890 0 P 1 0
P 0.156890 -0.360866 0 P 1 0
P 0.040866 -0.372874 0 P 1 0
P -0.025118 -0.299882 0 P 1 0
P 0.006890 -0.240866 0 P 1 0
P 0.085866 -0.244882 0 P 1 0
P 0.089882 -0.111890 0 P 1 0
P 0.013465 -0.079803 0 P 1 0
P 0.014882 -0.039882 0 P 1 0
P 0.041890 -0.027874 0 P 1 0
P 0.090866 -0.000866 0 P 1 0
P 0.133858 0.043110 0 P 1 0
P 0.169882 0.079134 0 P 1 0
P 0.237874 0.082126 0 P 1 0
P 0.307874 0.082126 0 P 1 0
P 0.377874 0.082126 0 P 1 0
P 0.457874 0.082126 0 P 1 0
P 0.507874 0.072126 0 P 1 0
P 0.515748 0.027559 0 P 1 0
P 0.497874 -0.007874 0 P 1 0
P 0.407874 -0.007874 0 P 1 0
P 0.407874 -0.107874 0 P 1 0
P 0.407874 -0.207874 0 P 1 0
P 0.407874 -0.307874 0 P 1 0
P 0.307874 -0.307874 0 P 1 0
P 0.307874 -0.207874 0 P 1 0
P 0.307874 -0.107874 0 P 1 0
P 0.507874 -0.107874 0 P 1 0
P 0.507874 -0.207874 0 P 1 0
P 0.507874 -0.307874 0 P 1 0
P 0.507874 0.202126 0 P 1 0
P 0.457874 0.192126 0 P 1 0
P 0.377874 0.192126 0 P 1 0
P 0.307874 0.192126 0 P 1 0
P 0.237874 0.192126 0 P 1 0
P 0.235866 0.251142 0 P 1 0
P 0.146260 0.274134 0 P 1 0
P 0.152559 0.300118 0 P 1 0
P 0.168858 0.193110 0 P 1 0
P 0.091890 0.162126 0 P 1 0
P 0.056890 0.124134 0 P 1 0
P 0.031890 0.107126 0 P 1 0
P 0.013858 0.085118 0 P 1 0
P -0.045118 0.084134 0 P 1 0
P -0.106969 0.048740 0 P 1 0
P -0.175000 0.013740 0 P 1 0
P -0.204252 -0.018031 0 P 1 0
P -0.175000 -0.052283 0 P 1 0
P -0.236969 -0.052283 0 P 1 0
P -0.236969 0.013740 0 P 1 0
P -0.319134 0.079134 0 P 1 0
P -0.411102 0.036535 0 P 1 0
P -0.411102 0.002362 0 P 1 0
P -0.410984 -0.033622 0 P 1 0
P -0.411102 -0.067874 0 P 1 0
P -0.448110 -0.047874 0 P 1 0
P -0.446142 -0.017874 0 P 1 0
P -0.446142 0.007126 0 P 1 0
P -0.446614 0.038622 0 P 1 0
P -0.499134 -0.000866 0 P 1 0
P -0.524724 -0.048858 0 P 1 0
P -0.516929 -0.127677 0 P 1 0
P -0.493110 -0.181890 0 P 1 0
P -0.566142 -0.181890 0 P 1 0
P -0.623110 -0.181890 0 P 1 0
P -0.693110 -0.207677 0 P 1 0
P -0.688268 -0.247047 0 P 1 0
P -0.686142 -0.325866 0 P 1 0
P -0.628110 -0.281890 0 P 1 0
P -0.566142 -0.256890 0 P 1 0
P -0.502126 -0.256890 0 P 1 0
P -0.495118 -0.321890 0 P 1 0
P -0.562992 -0.322835 0 P 1 0
P -0.559134 -0.382874 0 P 1 0
P -0.594134 -0.385866 0 P 1 0
P -0.616142 -0.385866 0 P 1 0
P -0.637126 -0.385866 0 P 1 0
P -0.635118 -0.055866 0 P 1 0
P -0.585118 0.006142 0 P 1 0
P -0.598425 0.081142 0 P 1 0
P -0.596142 0.130118 0 P 1 0
P -0.636142 0.130118 0 P 1 0
P -0.636142 0.200118 0 P 1 0
P -0.595118 0.200118 0 P 1 0
P -0.547126 0.243110 0 P 1 0
P -0.547126 0.266142 0 P 1 0
P -0.547126 0.289134 0 P 1 0
P -0.595118 0.319134 0 P 1 0
P -0.594134 0.398110 0 P 1 0
P -0.614803 0.409134 0 P 1 0
P -0.634488 0.394882 0 P 1 0
P -0.639134 0.456142 0 P 1 0
P -0.661181 0.439606 0 P 1 0
P -0.650118 0.491142 0 P 1 0
P -0.605118 0.542126 0 P 1 0
P -0.586417 0.455433 0 P 1 0
P -0.538110 0.440118 0 P 1 0
P -0.516142 0.441142 0 P 1 0
P -0.518110 0.473110 0 P 1 0
P -0.518110 0.509134 0 P 1 0
P -0.495945 0.550276 0 P 1 0
P -0.495906 0.589646 0 P 1 0
P -0.542126 0.591142 0 P 1 0
P -0.563110 0.609134 0 P 1 0
P -0.556142 0.648110 0 P 1 0
P -0.595118 0.647087 0 P 1 0
P -0.628110 0.636142 0 P 1 0
P -0.673858 0.649134 0 P 1 0
P -0.693543 0.618543 0 P 1 0
P -0.687126 0.737126 0 P 1 0
P -0.654173 0.746063 0 P 1 0
P -0.634488 0.727126 0 P 1 0
P -0.484134 0.710118 0 P 1 0
P -0.438110 0.698110 0 P 1 0
P -0.401142 0.730118 0 P 1 0
P -0.416142 0.756142 0 P 1 0
P -0.359134 0.720118 0 P 1 0
P -0.327126 0.687126 0 P 1 0
P -0.264134 0.636142 0 P 1 0
P -0.142126 0.636142 0 P 1 0
P -0.171890 0.561102 0 P 1 0
P -0.023858 0.602087 0 P 1 0
P 0.039882 0.681142 0 P 1 0
P 0.056890 0.749134 0 P 1 0
P 0.162874 0.725118 0 P 1 0
P 0.154882 0.699134 0 P 1 0
P 0.146260 0.660787 0 P 1 0
P 0.157874 0.537126 0 P 1 0
P 0.148858 0.483110 0 P 1 0
P 0.145472 0.446142 0 P 1 0
P 0.095472 0.456535 0 P 1 0
P 0.045472 0.427126 0 P 1 0
P -0.004528 0.427126 0 P 1 0
P -0.045118 0.471142 0 P 1 0
P -0.053110 0.311142 0 P 1 0
P -0.024134 0.197126 0 P 1 0
P 0.017874 0.158110 0 P 1 0
P 0.056378 0.210118 0 P 1 0
P -0.116260 0.178386 0 P 1 0
P -0.137008 0.198110 0 P 1 0
P -0.169291 0.248031 0 P 1 0
P -0.223110 0.244803 0 P 1 0
P -0.255118 0.272126 0 P 1 0
P -0.244134 0.292126 0 P 1 0
P -0.197126 0.305118 0 P 1 0
P -0.157126 0.356142 0 P 1 0
P -0.199134 0.394134 0 P 1 0
P -0.274134 0.470118 0 P 1 0
P -0.355118 0.378819 0 P 1 0
P -0.404646 0.347441 0 P 1 0
P -0.404646 0.424843 0 P 1 0
P -0.410118 0.546142 0 P 1 0
P -0.404882 0.634921 0 P 1 0
P -0.193110 0.758110 0 P 1 0
P 0.247874 0.742126 0 P 1 0
P 0.407874 0.742126 0 P 1 0
P 0.507874 0.742126 0 P 1 0
P 0.507874 0.592126 0 P 1 0
P 0.407874 0.592126 0 P 1 0
P 0.307874 0.592126 0 P 1 0
P 0.307874 0.492126 0 P 1 0
P 0.234882 0.488110 0 P 1 0
P 0.307874 0.392126 0 P 1 0
P 0.307874 0.292126 0 P 1 0
P 0.407874 0.292126 0 P 1 0
P 0.407874 0.392126 0 P 1 0
P 0.407874 0.492126 0 P 1 0
P 0.507874 0.492126 0 P 1 0
P 0.507874 0.392126 0 P 1 0
P 0.507874 0.292126 0 P 1 0
P 0.101890 0.550118 0 P 1 0
P -0.301496 0.270827 0 P 1 0
P -0.368110 0.218465 0 P 1 0
P -0.418110 0.228110 0 P 1 0
P -0.439134 0.228110 0 P 1 0
P -0.460118 0.228110 0 P 1 0
P -0.418110 0.259134 0 P 1 0
P -0.475118 0.325118 0 P 1 0
P -0.536063 0.392047 0 P 1 0
P -0.510118 0.165118 0 P 1 0
P -0.518543 0.145433 0 P 1 0
P -0.688110 0.088110 0 P 1 0
P -0.685118 0.043110 0 P 1 0
P -0.677559 0.252953 0 P 1 0
P -0.677559 0.277953 0 P 1 0
P -0.445118 -0.091535 0 P 1 0
P -0.365118 -0.116890 0 P 1 0
P -0.365118 -0.168307 0 P 1 0
P -0.351142 -0.246890 0 P 1 0
P -0.352126 -0.286417 0 P 1 0
P -0.363110 -0.325866 0 P 1 0
P -0.243110 -0.293858 0 P 1 0
P -0.219134 -0.301890 0 P 1 0
P -0.210118 -0.325866 0 P 1 0
P -0.204803 -0.247874 0 P 1 0
P -0.188110 -0.206890 0 P 1 0
P -0.188110 -0.181890 0 P 1 0
P -0.184567 -0.147795 0 P 1 0
P -0.204252 -0.128858 0 P 1 0
P -0.299134 -0.081890 0 P 1 0
P -0.299291 -0.224882 0 P 1 0
P -0.262126 -0.223858 0 P 1 0
P -0.129134 -0.202559 0 P 1 0
P -0.072126 -0.182874 0 P 1 0
P -0.039134 -0.180866 0 P 1 0
P -0.096142 -0.274882 0 P 1 0
P -0.102126 -0.388858 0 P 1 0
P -0.277126 -0.399882 0 P 1 0
P -0.439134 -0.206890 0 P 1 0
P -0.034803 -0.010866 0 P 1 0
P -0.709134 -0.008858 0 P 1 0
P -0.715118 -0.060866 0 P 1 0
P -0.732126 -0.080866 0 P 1 0
P -0.768110 -0.057874 0 P 1 0
P -0.774134 -0.128858 0 P 1 0
P -0.773110 -0.161890 0 P 1 0
P -0.774134 -0.187874 0 P 1 0
P -0.826142 -0.206890 0 P 1 0
P -0.826142 -0.229882 0 P 1 0
P -0.864134 -0.221890 0 P 1 0
P -0.864134 -0.244882 0 P 1 0
P -0.774134 -0.286417 0 P 1 0
P -0.775118 -0.312874 0 P 1 0
P -0.715118 -0.403858 0 P 1 0
P -0.895118 -0.383858 0 P 1 0
P -1.008110 -0.384882 0 P 1 0
P -0.948110 -0.298858 0 P 1 0
P -0.939134 -0.185866 0 P 1 0
P -0.931142 -0.156890 0 P 1 0
P -0.949724 -0.128150 0 P 1 0
P -0.959173 -0.065472 0 P 1 0
P -0.986732 -0.065472 0 P 1 0
P -0.931614 -0.065472 0 P 1 0
P -0.874055 -0.096339 0 P 1 0
P -0.874055 -0.115354 0 P 1 0
P -0.861142 -0.000551 0 P 1 0
P -0.827126 -0.000551 0 P 1 0
P -0.847126 0.052126 0 P 1 0
P -0.847126 0.080118 0 P 1 0
P -0.896142 0.106142 0 P 1 0
P -0.930118 0.074134 0 P 1 0
P -0.910354 0.007126 0 P 1 0
P -0.963110 0.013110 0 P 1 0
P -0.996142 0.013110 0 P 1 0
P -1.028110 -0.020866 0 P 1 0
P -1.043110 -0.102874 0 P 1 0
P -1.020630 -0.191890 0 P 1 0
P -1.036142 -0.232874 0 P 1 0
P -1.023110 0.073819 0 P 1 0
P -1.023110 0.098110 0 P 1 0
P -1.051142 0.135118 0 P 1 0
P -0.971142 0.241142 0 P 1 0
P -0.939134 0.242126 0 P 1 0
P -0.896142 0.306142 0 P 1 0
P -0.834134 0.286142 0 P 1 0
P -0.812126 0.339764 0 P 1 0
P -0.812126 0.379134 0 P 1 0
P -0.752638 0.432165 0 P 1 0
P -0.745118 0.511142 0 P 1 0
P -0.743110 0.570118 0 P 1 0
P -0.730630 0.589646 0 P 1 0
P -0.749134 0.609331 0 P 1 0
P -0.713228 0.649449 0 P 1 0
P -0.771457 0.708071 0 P 1 0
P -0.810827 0.708071 0 P 1 0
P -0.846142 0.727126 0 P 1 0
P -0.829134 0.629134 0 P 1 0
P -0.845591 0.608661 0 P 1 0
P -0.866142 0.585118 0 P 1 0
P -0.883110 0.550276 0 P 1 0
P -0.883110 0.491142 0 P 1 0
P -0.874134 0.435118 0 P 1 0
P -1.039370 0.456693 0 P 1 0
P -1.047126 0.396142 0 P 1 0
P -1.024134 0.557126 0 P 1 0
P -1.039370 0.759843 0 P 1 0
P -0.729134 0.308110 0 P 1 0
P -0.731142 0.275118 0 P 1 0
P -0.713110 0.230118 0 P 1 0
P -0.761535 -0.544685 1 P 2 0
P -0.682795 -0.544646 1 P 2 0
P -0.603661 -0.544291 1 P 2 0
P -0.525551 -0.544921 1 P 2 0
P -0.446181 -0.544291 1 P 2 0
P -0.367441 -0.544291 1 P 2 0
P -0.288701 -0.544291 1 P 2 0
P -0.209961 -0.544291 1 P 2 0
P -0.131220 -0.544291 1 P 2 0
P -0.052480 -0.544291 1 P 2 0
P -0.094488 -0.334646 1 P 2 0
P -0.173228 -0.334646 1 P 2 0
P -0.937008 -0.334646 1 P 2 0
P -1.015748 -0.334646 1 P 2 0
P -1.011142 0.409134 1 P 2 0
P -1.011142 0.509134 1 P 2 0
P -0.094134 0.379134 2 P 3 0
P -0.094134 0.479134 2 P 3 0
P -0.094134 0.579134 2 P 3 0
P -0.094134 0.679134 2 P 3 0
P -0.964567 -0.669291 3 P 4 0
P -0.964567 0.669291 3 P 4 0
