#
#Feature symbol names
#
$0 r10.000
$1 r1.969
$2 r3.937
#
#Layer features
#
L -1.082677 -0.842677 -1.082677 -0.797402 0 P 13
L 1.082677 -0.842677 1.082677 -0.797402 0 P 13
L 1.096677 0.787402 1.141890 0.787402 0 P 13
L -1.072677 -0.787402 1.141890 -0.787402 0 P 13
L -1.151677 -0.669291 -0.964567 -0.669291 0 P 13
L -1.151677 -0.787402 -1.092677 -0.787402 0 P 13
L -1.271677 0.669291 -0.964567 0.669291 0 P 13
L -1.271677 -0.787402 -1.092677 -0.787402 0 P 13
L -1.209677 0.562008 0.874409 0.562008 0 P 13
L -1.209677 -0.787402 -1.092677 -0.787402 0 P 13
L -1.082677 0.797402 -1.082677 0.859598 0 P 13
L -0.964567 -0.669291 -0.964567 0.859598 0 P 13
L -1.082677 -0.832677 -0.116429 -0.832677 1 P 173
L 0.088555 -0.832677 1.082677 -0.832677 1 P 173
L -1.082677 -0.832677 -1.043307 -0.845799 1 P 173
L -1.082677 -0.832677 -1.043307 -0.819555 1 P 173
L 1.043307 -0.819555 1.082677 -0.832677 1 P 173
L 1.043307 -0.845799 1.082677 -0.832677 1 P 173
L 1.131890 0.088555 1.131890 0.787402 1 P 173
L 1.131890 -0.787402 1.131890 -0.116429 1 P 173
L 1.118768 0.748031 1.131890 0.787402 1 P 173
L 1.131890 0.787402 1.145012 0.748031 1 P 173
L 1.131890 -0.787402 1.145012 -0.748031 1 P 173
L 1.118768 -0.748031 1.131890 -0.787402 1 P 173
L -1.141677 -0.787402 -1.141677 -0.669291 1 P 173
L -1.154799 -0.708661 -1.141677 -0.669291 1 P 173
L -1.141677 -0.669291 -1.128555 -0.708661 1 P 173
L -1.141677 -0.787402 -1.128555 -0.748031 1 P 173
L -1.154799 -0.748031 -1.141677 -0.787402 1 P 173
L -1.261677 0.029500 -1.261677 0.669291 1 P 173
L -1.261677 -0.787402 -1.261677 -0.175484 1 P 173
L -1.274799 0.629921 -1.261677 0.669291 1 P 173
L -1.261677 0.669291 -1.248555 0.629921 1 P 173
L -1.261677 -0.787402 -1.248555 -0.748031 1 P 173
L -1.274799 -0.748031 -1.261677 -0.787402 1 P 173
L -1.199677 -0.024142 -1.199677 0.562008 1 P 173
L -1.199677 -0.787402 -1.199677 -0.229126 1 P 173
L -1.212799 0.522638 -1.199677 0.562008 1 P 173
L -1.199677 0.562008 -1.186555 0.522638 1 P 173
L -1.199677 -0.787402 -1.186555 -0.748031 1 P 173
L -1.212799 -0.748031 -1.199677 -0.787402 1 P 173
L -1.082677 0.849598 -0.964567 0.849598 1 P 173
L -1.082677 0.849598 -1.043307 0.836476 1 P 173
L -1.082677 0.849598 -1.043307 0.862720 1 P 173
L -1.003937 0.862720 -0.964567 0.849598 1 P 173
L -1.003937 0.836476 -0.964567 0.849598 1 P 173
L -0.076252 -0.816937 -0.102492 -0.816937 2 P 174
L -0.102492 -0.816937 -0.102492 -0.836614 2 P 174
L -0.102492 -0.836614 -0.089374 -0.830055 2 P 174
L -0.089374 -0.830055 -0.082811 -0.830055 2 P 174
L -0.082811 -0.830055 -0.076252 -0.836614 2 P 174
L -0.076252 -0.836614 -0.076252 -0.849732 2 P 174
L -0.076252 -0.849732 -0.082811 -0.856291 2 P 174
L -0.082811 -0.856291 -0.095933 -0.856291 2 P 174
L -0.095933 -0.856291 -0.102492 -0.849732 2 P 174
L -0.036898 -0.816937 -0.063134 -0.816937 2 P 174
L -0.063134 -0.816937 -0.063134 -0.836614 2 P 174
L -0.063134 -0.836614 -0.050016 -0.830055 2 P 174
L -0.050016 -0.830055 -0.043457 -0.830055 2 P 174
L -0.043457 -0.830055 -0.036898 -0.836614 2 P 174
L -0.036898 -0.836614 -0.036898 -0.849732 2 P 174
L -0.036898 -0.849732 -0.043457 -0.856291 2 P 174
L -0.043457 -0.856291 -0.056575 -0.856291 2 P 174
L -0.056575 -0.856291 -0.063134 -0.849732 2 P 174
L -0.023776 -0.856291 -0.023776 -0.849732 2 P 174
L -0.023776 -0.849732 -0.017217 -0.849732 2 P 174
L -0.017217 -0.849732 -0.017217 -0.856291 2 P 174
L -0.017217 -0.856291 -0.023776 -0.856291 2 P 174
L 0.009020 -0.823496 0.015583 -0.816937 2 P 174
L 0.015583 -0.816937 0.028701 -0.816937 2 P 174
L 0.028701 -0.816937 0.035260 -0.823496 2 P 174
L 0.035260 -0.823496 0.035260 -0.849732 2 P 174
L 0.035260 -0.849732 0.028701 -0.856291 2 P 174
L 0.028701 -0.856291 0.015583 -0.856291 2 P 174
L 0.015583 -0.856291 0.009020 -0.849732 2 P 174
L 0.009020 -0.849732 0.009020 -0.823496 2 P 174
L 0.048378 -0.823496 0.054937 -0.816937 2 P 174
L 0.054937 -0.816937 0.068059 -0.816937 2 P 174
L 0.068059 -0.816937 0.074618 -0.823496 2 P 174
L 0.074618 -0.823496 0.074618 -0.849732 2 P 174
L 0.074618 -0.849732 0.068059 -0.856291 2 P 174
L 0.068059 -0.856291 0.054937 -0.856291 2 P 174
L 0.054937 -0.856291 0.048378 -0.849732 2 P 174
L 0.048378 -0.849732 0.048378 -0.823496 2 P 174
L 1.155504 -0.082811 1.116150 -0.082811 2 P 174
L 1.116150 -0.082811 1.135827 -0.102492 2 P 174
L 1.135827 -0.102492 1.135827 -0.076252 2 P 174
L 1.122709 -0.063134 1.116150 -0.056575 2 P 174
L 1.116150 -0.056575 1.116150 -0.043457 2 P 174
L 1.116150 -0.043457 1.122709 -0.036898 2 P 174
L 1.122709 -0.036898 1.148945 -0.036898 2 P 174
L 1.148945 -0.036898 1.155504 -0.043457 2 P 174
L 1.155504 -0.043457 1.155504 -0.056575 2 P 174
L 1.155504 -0.056575 1.148945 -0.063134 2 P 174
L 1.148945 -0.063134 1.122709 -0.063134 2 P 174
L 1.155504 -0.023776 1.148945 -0.023776 2 P 174
L 1.148945 -0.023776 1.148945 -0.017217 2 P 174
L 1.148945 -0.017217 1.155504 -0.017217 2 P 174
L 1.155504 -0.017217 1.155504 -0.023776 2 P 174
L 1.122709 0.009020 1.116150 0.015583 2 P 174
L 1.116150 0.015583 1.116150 0.028701 2 P 174
L 1.116150 0.028701 1.122709 0.035260 2 P 174
L 1.122709 0.035260 1.148945 0.035260 2 P 174
L 1.148945 0.035260 1.155504 0.028701 2 P 174
L 1.155504 0.028701 1.155504 0.015583 2 P 174
L 1.155504 0.015583 1.148945 0.009020 2 P 174
L 1.148945 0.009020 1.122709 0.009020 2 P 174
L 1.122709 0.048378 1.116150 0.054937 2 P 174
L 1.116150 0.054937 1.116150 0.068059 2 P 174
L 1.116150 0.068059 1.122709 0.074618 2 P 174
L 1.122709 0.074618 1.148945 0.074618 2 P 174
L 1.148945 0.074618 1.155504 0.068059 2 P 174
L 1.155504 0.068059 1.155504 0.054937 2 P 174
L 1.155504 0.054937 1.148945 0.048378 2 P 174
L 1.148945 0.048378 1.122709 0.048378 2 P 174
L -1.150858 -0.659291 -1.157417 -0.652732 2 P 174
L -1.157417 -0.652732 -1.157417 -0.639614 2 P 174
L -1.157417 -0.639614 -1.150858 -0.633051 2 P 174
L -1.150858 -0.633051 -1.144299 -0.633051 2 P 174
L -1.144299 -0.633051 -1.137740 -0.639614 2 P 174
L -1.137740 -0.639614 -1.137740 -0.646173 2 P 174
L -1.137740 -0.646173 -1.137740 -0.639614 2 P 174
L -1.137740 -0.639614 -1.131181 -0.633051 2 P 174
L -1.131181 -0.633051 -1.124622 -0.633051 2 P 174
L -1.124622 -0.633051 -1.118063 -0.639614 2 P 174
L -1.118063 -0.639614 -1.118063 -0.652732 2 P 174
L -1.118063 -0.652732 -1.124622 -0.659291 2 P 174
L -1.118063 -0.619933 -1.124622 -0.619933 2 P 174
L -1.124622 -0.619933 -1.124622 -0.613374 2 P 174
L -1.124622 -0.613374 -1.118063 -0.613374 2 P 174
L -1.118063 -0.613374 -1.118063 -0.619933 2 P 174
L -1.150858 -0.587138 -1.157417 -0.580575 2 P 174
L -1.157417 -0.580575 -1.157417 -0.567457 2 P 174
L -1.157417 -0.567457 -1.150858 -0.560898 2 P 174
L -1.150858 -0.560898 -1.124622 -0.560898 2 P 174
L -1.124622 -0.560898 -1.118063 -0.567457 2 P 174
L -1.118063 -0.567457 -1.118063 -0.580575 2 P 174
L -1.118063 -0.580575 -1.124622 -0.587138 2 P 174
L -1.124622 -0.587138 -1.150858 -0.587138 2 P 174
L -1.150858 -0.547780 -1.157417 -0.541220 2 P 174
L -1.157417 -0.541220 -1.157417 -0.528098 2 P 174
L -1.157417 -0.528098 -1.150858 -0.521539 2 P 174
L -1.150858 -0.521539 -1.124622 -0.521539 2 P 174
L -1.124622 -0.521539 -1.118063 -0.528098 2 P 174
L -1.118063 -0.528098 -1.118063 -0.541220 2 P 174
L -1.118063 -0.541220 -1.124622 -0.547780 2 P 174
L -1.124622 -0.547780 -1.150858 -0.547780 2 P 174
L -1.270858 -0.161547 -1.277417 -0.154988 2 P 174
L -1.277417 -0.154988 -1.277417 -0.141866 2 P 174
L -1.277417 -0.141866 -1.270858 -0.135307 2 P 174
L -1.270858 -0.135307 -1.264299 -0.135307 2 P 174
L -1.264299 -0.135307 -1.257740 -0.141866 2 P 174
L -1.257740 -0.141866 -1.257740 -0.148429 2 P 174
L -1.257740 -0.148429 -1.257740 -0.141866 2 P 174
L -1.257740 -0.141866 -1.251181 -0.135307 2 P 174
L -1.251181 -0.135307 -1.244622 -0.135307 2 P 174
L -1.244622 -0.135307 -1.238063 -0.141866 2 P 174
L -1.238063 -0.141866 -1.238063 -0.154988 2 P 174
L -1.238063 -0.154988 -1.244622 -0.161547 2 P 174
L -1.277417 -0.122189 -1.277417 -0.095953 2 P 174
L -1.277417 -0.095953 -1.270858 -0.095953 2 P 174
L -1.270858 -0.095953 -1.244622 -0.122189 2 P 174
L -1.244622 -0.122189 -1.238063 -0.122189 2 P 174
L -1.238063 -0.082831 -1.244622 -0.082831 2 P 174
L -1.244622 -0.082831 -1.244622 -0.076272 2 P 174
L -1.244622 -0.076272 -1.238063 -0.076272 2 P 174
L -1.238063 -0.076272 -1.238063 -0.082831 2 P 174
L -1.270858 -0.050035 -1.277417 -0.043472 2 P 174
L -1.277417 -0.043472 -1.277417 -0.030354 2 P 174
L -1.277417 -0.030354 -1.270858 -0.023795 2 P 174
L -1.270858 -0.023795 -1.244622 -0.023795 2 P 174
L -1.244622 -0.023795 -1.238063 -0.030354 2 P 174
L -1.238063 -0.030354 -1.238063 -0.043472 2 P 174
L -1.238063 -0.043472 -1.244622 -0.050035 2 P 174
L -1.244622 -0.050035 -1.270858 -0.050035 2 P 174
L -1.270858 -0.010677 -1.277417 -0.004118 2 P 174
L -1.277417 -0.004118 -1.277417 0.009004 2 P 174
L -1.277417 0.009004 -1.270858 0.015563 2 P 174
L -1.270858 0.015563 -1.244622 0.015563 2 P 174
L -1.244622 0.015563 -1.238063 0.009004 2 P 174
L -1.238063 0.009004 -1.238063 -0.004118 2 P 174
L -1.238063 -0.004118 -1.244622 -0.010677 2 P 174
L -1.244622 -0.010677 -1.270858 -0.010677 2 P 174
L -1.208858 -0.215189 -1.215417 -0.208630 2 P 174
L -1.215417 -0.208630 -1.215417 -0.195508 2 P 174
L -1.215417 -0.195508 -1.208858 -0.188949 2 P 174
L -1.208858 -0.188949 -1.202299 -0.188949 2 P 174
L -1.202299 -0.188949 -1.195740 -0.195508 2 P 174
L -1.195740 -0.195508 -1.195740 -0.202067 2 P 174
L -1.195740 -0.202067 -1.195740 -0.195508 2 P 174
L -1.195740 -0.195508 -1.189181 -0.188949 2 P 174
L -1.189181 -0.188949 -1.182622 -0.188949 2 P 174
L -1.182622 -0.188949 -1.176063 -0.195508 2 P 174
L -1.176063 -0.195508 -1.176063 -0.208630 2 P 174
L -1.176063 -0.208630 -1.182622 -0.215189 2 P 174
L -1.176063 -0.156154 -1.215417 -0.156154 2 P 174
L -1.215417 -0.156154 -1.195740 -0.175831 2 P 174
L -1.195740 -0.175831 -1.195740 -0.149591 2 P 174
L -1.176063 -0.136472 -1.182622 -0.136472 2 P 174
L -1.182622 -0.136472 -1.182622 -0.129913 2 P 174
L -1.182622 -0.129913 -1.176063 -0.129913 2 P 174
L -1.176063 -0.129913 -1.176063 -0.136472 2 P 174
L -1.176063 -0.077437 -1.176063 -0.103677 2 P 174
L -1.176063 -0.103677 -1.202299 -0.077437 2 P 174
L -1.202299 -0.077437 -1.208858 -0.077437 2 P 174
L -1.208858 -0.077437 -1.215417 -0.083996 2 P 174
L -1.215417 -0.083996 -1.215417 -0.097114 2 P 174
L -1.215417 -0.097114 -1.208858 -0.103677 2 P 174
L -1.215417 -0.064319 -1.215417 -0.038079 2 P 174
L -1.215417 -0.038079 -1.208858 -0.038079 2 P 174
L -1.208858 -0.038079 -1.182622 -0.064319 2 P 174
L -1.182622 -0.064319 -1.176063 -0.064319 2 P 174
L -0.954567 0.858780 -0.948008 0.865339 2 P 174
L -0.948008 0.865339 -0.934890 0.865339 2 P 174
L -0.934890 0.865339 -0.928327 0.858780 2 P 174
L -0.928327 0.858780 -0.928327 0.852220 2 P 174
L -0.928327 0.852220 -0.934890 0.845661 2 P 174
L -0.934890 0.845661 -0.941449 0.845661 2 P 174
L -0.941449 0.845661 -0.934890 0.845661 2 P 174
L -0.934890 0.845661 -0.928327 0.839102 2 P 174
L -0.928327 0.839102 -0.928327 0.832543 2 P 174
L -0.928327 0.832543 -0.934890 0.825984 2 P 174
L -0.934890 0.825984 -0.948008 0.825984 2 P 174
L -0.948008 0.825984 -0.954567 0.832543 2 P 174
L -0.915209 0.825984 -0.915209 0.832543 2 P 174
L -0.915209 0.832543 -0.908650 0.832543 2 P 174
L -0.908650 0.832543 -0.908650 0.825984 2 P 174
L -0.908650 0.825984 -0.915209 0.825984 2 P 174
L -0.882413 0.858780 -0.875854 0.865339 2 P 174
L -0.875854 0.865339 -0.862732 0.865339 2 P 174
L -0.862732 0.865339 -0.856173 0.858780 2 P 174
L -0.856173 0.858780 -0.856173 0.832543 2 P 174
L -0.856173 0.832543 -0.862732 0.825984 2 P 174
L -0.862732 0.825984 -0.875854 0.825984 2 P 174
L -0.875854 0.825984 -0.882413 0.832543 2 P 174
L -0.882413 0.832543 -0.882413 0.858780 2 P 174
L -0.843055 0.858780 -0.836496 0.865339 2 P 174
L -0.836496 0.865339 -0.823374 0.865339 2 P 174
L -0.823374 0.865339 -0.816815 0.858780 2 P 174
L -0.816815 0.858780 -0.816815 0.832543 2 P 174
L -0.816815 0.832543 -0.823374 0.825984 2 P 174
L -0.823374 0.825984 -0.836496 0.825984 2 P 174
L -0.836496 0.825984 -0.843055 0.832543 2 P 174
L -0.843055 0.832543 -0.843055 0.858780 2 P 174
